31.2370359847
27.9502999984
25.0568301696
22.5025731291
20.1938346971
18.1265105711
16.2943305057
14.6665667024
13.2170311351
11.9237181905
10.7755862062
9.75646114886
8.84828283741
8.03638834857
7.30840791243
6.65278905365
6.06230831718
5.53097717859
5.05197522308
4.61931802073
4.22779957494
3.87286935889
3.55052210334
3.25793497548
2.99248983176
2.75152893646
2.53266639149
2.33377245975
2.15247265141
1.98679579971
1.83522731099
1.69638909825
1.56904608842
1.45209921346
1.34456954777
1.24558418236
1.15436056136
1.07019786496
0.992634600386
0.92265566251
0.858276744196
0.798676966003
0.743489834445
0.692377787749
0.645029858792
0.601159528289
0.560502626895
0.522813225219
0.487860428688
0.455435823453
0.425347851754
0.397445526654
0.37165171386
0.347775413286
0.325624921324
0.305030404521
0.285841883311
0.267928396749
0.251193783653
0.235596075229
0.221065150842
0.20753316145
0.1949359514
0.183193099766
0.172202922472
0.161910620175
0.152268607398
0.143235232986
0.134778114328
0.126860506561
0.119442564482
0.112487731114
0.105962443994
0.0998363895607
0.0940854569425
0.0886993642928
0.0836629190671
0.0789445499749
0.0745170133959
0.0703555285927
0.0664377903114
0.0627437114067
0.0592620679018
0.0559870801357
0.0529086612821
0.0500170542634
0.0473038241365
0.044749552308
0.0423396947545
0.0400662069283
0.0379214783951
0.0358983220423
0.0339896498289
0.0321878404071
0.0304866387269
0.0288802667143
0.0273632875818
0.0259306180438
0.0245777006164
0.0233013637741
0.0220967248812
0.0209587492914
0.0198828076064
0.0188646409513
0.0179003344515
0.0169862837751
0.0161201617589
0.0153034431893
0.0145284574552
0.013791826056
0.0130962531106
0.0124463146245
0.0118280528657
0.0112401293544
0.0106812577105
0.0101501913881
0.00964572379001
0.00916668821226
0.0087119576393
0.00828050831522
0.00787198086741
0.00748528041445
0.00711903126466
0.00677189131066
0.0064427046978
0.00613039388046
0.00583395246493
0.00555244033631
0.00528497909869
0.00503074837101
0.00478902728237
0.00455931720765
0.00434096788127
0.00413341831637
0.00393638683473
0.00374959245793
0.00357236698337
0.00340392197934
0.0032436961302
0.00309118596493
0.00294592350233
0.00280747363331
0.0026754323949
0.00254942752812
0.00242911280781
0.00231420829376
0.00220661231669
0.00210424831123
0.0020064549614
0.00191306995828
0.00182399634844
0.00173914300764
0.00165831735214
0.00158133346689
0.00150801348254
0.00143818923124
0.00137170742631
0.00130840768698
0.00124809957746
0.00119065655783
0.0011359495739
0.00108385513218
0.00103425507954
0.000987021409106
0.000941969611389
0.00089899152177
0.000857982929514
0.000818846701076
0.000781499731425
0.0007458700941
0.000711916526207
0.000679557270026
0.000648708239472
0.000619290197017
0.000591228459217
0.000564452880973
0.000538900074133
0.000514516691778
0.000491238546546
0.000469003389226
0.000447753291363
0.000427476110813
0.000408189115134
0.000389823358241
0.000372311022387
0.000355589663548
0.000339601813505
0.000324294613433
0.00030961947636
0.000295603195029
0.000282279118314
0.000269604287574
0.000257569580713
0.00024611513678
0.000235145198077
0.000224634326256
0.000214569042361
0.000204935903832
0.000195721745183
0.000186913491493
0.000178498183533
0.000170462801712
0.000162791170087
0.000155468557691
0.000148481561449
0.000141814478547
0.000135451148896
0.00012937700557
0.000123577221299
0.000118038327245
0.000112747772475
0.000107693595767
0.000102864311584
9.82490449272e-05
9.38404678249e-05
8.96301552852e-05
8.56079248536e-05
8.17676268895e-05
7.81009498312e-05
7.45987907379e-05
7.12525234477e-05
6.80544596303e-05
6.4997476411e-05
6.20742038502e-05
5.92775825117e-05
5.66012195305e-05
5.40604154749e-05
5.16340547312e-05
4.93121668826e-05
4.70950902699e-05
4.49782140647e-05
4.29562821051e-05
4.10243361858e-05
3.91777037931e-05
3.74119822479e-05
3.57232870656e-05
3.41080447416e-05
3.25625141446e-05
3.10824120698e-05
2.96638985302e-05
2.83092416311e-05
2.70286666542e-05
2.58126873525e-05
2.46490961031e-05
2.35336486e-05
2.2465127853e-05
2.14422991477e-05
2.04639145613e-05
1.9528734456e-05
1.86359518559e-05
1.77847867048e-05
1.69738782899e-05
1.6200773768e-05
1.546223773e-05
1.47566379967e-05
1.4082439696e-05
1.3438181542e-05
1.28224722972e-05
1.22339874062e-05
1.16714657933e-05
1.11337454924e-05
1.06205167049e-05
1.01308421433e-05
9.66345466675e-06
9.2176008666e-06
8.79234731792e-06
8.38646809246e-06
7.99881545212e-06
7.62831675945e-06
7.27466036243e-06
6.93765866898e-06
6.61666916316e-06
6.31036843569e-06
6.01738560321e-06
5.73711929408e-06
5.46901201492e-06
5.21283083009e-06
4.96814592365e-06
4.73445922248e-06
4.51182715152e-06
4.29983072573e-06
4.09784820211e-06
3.9052966296e-06
3.72161233385e-06
3.54627913307e-06
3.37878855381e-06
3.21878724073e-06
3.0659935712e-06
2.92036502635e-06
2.78160694311e-06
2.64938293094e-06
2.52337333619e-06
2.40327440154e-06
2.28879413817e-06
2.17956114674e-06
2.0752851633e-06
1.97570836167e-06
1.8805880761e-06
1.78969371391e-06
1.70294393852e-06
1.6205384789e-06
1.54220312607e-06
1.46764595262e-06
1.39659685393e-06
1.32880653083e-06
1.26410222818e-06
1.20229661811e-06
1.1432378826e-06
1.08713549334e-06
1.03395376104e-06
9.83602240663e-07
9.35776090034e-07
8.90023918859e-07
8.46257471346e-07
8.04398120207e-07
7.64400600284e-07
7.26425849464e-07
6.90346694652e-07
6.55945824966e-07
6.23131048071e-07
5.91858554086e-07
5.62084037839e-07
5.33762844394e-07
5.06837090621e-07
4.81242922998e-07
4.56935374954e-07
4.33849104782e-07
4.1189639349e-07
3.91017930278e-07
3.71158485491e-07
3.52265732431e-07
3.34290098136e-07
3.17184621604e-07
3.00905135694e-07
2.85410910151e-07
2.70686089866e-07
2.56700975908e-07
2.43421848198e-07
2.30811200337e-07
2.1883203149e-07
2.07449811585e-07
1.96638095171e-07
1.86367671675e-07
1.76608553854e-07
1.67332486794e-07
1.58512851748e-07
1.50126576442e-07
1.42170228268e-07
1.34626982287e-07
1.27473743023e-07
1.20688728339e-07
1.14251397887e-07
1.08142385351e-07
1.02343434256e-07
9.68373371788e-08
9.16078781909e-08
8.66399272752e-08
8.19243595324e-08
7.74552290716e-08
7.32262787238e-08
6.92238511412e-08
6.54343351605e-08
6.18449575889e-08
5.84437345247e-08
5.52194254282e-08
5.21615894133e-08
4.92610423315e-08
4.65110416677e-08
4.39094611054e-08
4.14463838834e-08
3.91156730896e-08
3.69141118848e-08
3.48316331814e-08
3.28593805813e-08
3.09931824742e-08
2.92324067893e-08
2.75714741572e-08
2.60026769527e-08
2.45136173314e-08
2.30991260966e-08
2.1754912323e-08
2.04769692268e-08
1.92728616312e-08
1.81458777719e-08
1.70872596784e-08
1.60891258403e-08
1.51444424616e-08
1.42490439204e-08
1.34013910661e-08
1.26000864353e-08
1.18443819743e-08
1.11334058232e-08
1.04654822623e-08
9.83884568867e-09
9.24846262302e-09
8.69087169863e-09
8.16426274239e-09
7.66722801435e-09
7.19857390926e-09
6.75669565907e-09
