11.4468023564
10.1294834658
8.98103842786
7.97697463378
7.0775681487
6.27978930208
5.579687249
4.96372829306
4.42041969273
3.94019489433
3.51872748802
3.14907337495
2.82334095507
2.5353050418
2.27978734275
2.05180097628
1.84846875073
1.66741611405
1.50586403156
1.36141122667
1.2319897056
1.11580830127
1.01130040495
0.917405936251
0.833140245673
0.757489760304
0.689549140855
0.628508808294
0.573443383374
0.523610409584
0.478464430962
0.437507246991
0.400294756787
0.366435905548
0.335585809441
0.307439818367
0.281728142799
0.258211609566
0.236752483576
0.217774498207
0.200502835077
0.184642007255
0.17007762165
0.15670441643
0.144425554913
0.133151969879
0.122801749
0.113298776906
0.104571254211
0.096554710367
0.0891901834362
0.08243292149
0.0762632416215
0.0706184940715
0.0654380811123
0.0606693879
0.0562668752122
0.052192029331
0.0484178576821
0.044935448089
0.0417255682118
0.0387694063569
0.0360491433306
0.03354132419
0.031215500941
0.0290569315345
0.0270532047619
0.0251938077198
0.0234687156828
0.0218677861094
0.0203809860433
0.0189991747106
0.0177140181294
0.016518112703
0.0154060558549
0.0143762471787
0.0134252097949
0.0125438585072
0.011725067849
0.0109625759346
0.0102508551519
0.0095850250254
0.0089627787075
0.00838327215764
0.00784430600881
0.00734371960119
0.00687947257813
0.00644659681814
0.00604157820882
0.00566267508043
0.00530824996669
0.00497676423317
0.00466674078226
0.00437669639963
0.00410533943235
0.00385147118443
0.00361396883629
0.00339179850008
0.00318407036892
0.00299020310131
0.00280916638925
0.00263989016298
0.00248140598248
0.00233283691564
0.00219338858209
0.00206234097765
0.00193913508484
0.00182360026913
0.00171475029842
0.00161205943263
0.00151623497506
0.00142837255242
0.00134537516122
0.00126702339938
0.0011931054806
0.00112341481624
0.00105775036677
0.000995916928589
0.000937725362299
0.00088300685568
0.000831733910516
0.000783709896437
0.00073866648309
0.000696341862259
0.000656553776035
0.000619134949329
0.000583930147601
0.000550795266404
0.000519596485576
0.000490209514795
0.000462522418665
0.000436442011318
0.000411861042665
0.000388689108237
0.00036688944911
0.000346424770333
0.000327190942431
0.000309080258069
0.00029200710855
0.000275894589506
0.000260672391082
0.000246276221452
0.000232647294829
0.000219733064089
0.000207486526945
0.000195870198096
0.000185208223795
0.000175159324311
0.000165622471037
0.000156578736239
0.000148013587339
0.000139912642734
0.000132254603408
0.000125018762953
0.000118185100734
0.000111734776981
0.000105651523057
9.99166996184e-05
9.45042433795e-05
8.93948144981e-05
8.45710565649e-05
8.00166358364e-05
7.57161795019e-05
7.1654295636e-05
6.78126874053e-05
6.41780192441e-05
6.07382617725e-05
5.74821567179e-05
5.44002908824e-05
5.14848807365e-05
4.87324152865e-05
4.61333317287e-05
4.36777164119e-05
4.13563599061e-05
3.91607051299e-05
3.70828063275e-05
3.51154145936e-05
3.32521775625e-05
3.14864098462e-05
2.98118021833e-05
2.82225578481e-05
2.67184858023e-05
2.53029461879e-05
2.39685669023e-05
2.27081400799e-05
2.15151376056e-05
2.03836515764e-05
1.93083407863e-05
1.82843826248e-05
1.73111847516e-05
1.63933048488e-05
1.5530251922e-05
1.47207411203e-05
1.39582076689e-05
1.32328552071e-05
1.2542438099e-05
1.18857833854e-05
1.12617214775e-05
1.06690917122e-05
1.01067431996e-05
9.5735376387e-06
9.0683429452e-06
8.58989697312e-06
8.13701414175e-06
7.70858173057e-06
7.30331509837e-06
6.91984725067e-06
6.55694242148e-06
6.2133903973e-06
5.88805594419e-06
5.57987809302e-06
5.28786162299e-06
5.01107205028e-06
4.7486338484e-06
4.49985639417e-06
4.2640262291e-06
4.04039375642e-06
3.82862558007e-06
3.62813042877e-06
3.43821774044e-06
3.25824249126e-06
3.08765626868e-06
2.92596320584e-06
2.77262625604e-06
2.62714252491e-06
2.48904944533e-06
2.3587671606e-06
2.2352627859e-06
2.11801114939e-06
2.00708308287e-06
1.90212960944e-06
1.80275073918e-06
1.70857575986e-06
1.61926130297e-06
1.53448938648e-06
1.45399346741e-06
1.37753481149e-06
1.30485493123e-06
1.2356877802e-06
1.16979428842e-06
1.10737692928e-06
1.04919997747e-06
9.94568085064e-07
9.42644718556e-07
8.93166698979e-07
8.46072010402e-07
8.01296064063e-07
7.58772150787e-07
7.1843201132e-07
6.80220193123e-07
6.44102236757e-07
6.10003038936e-07
5.77779385496e-07
5.47240044555e-07
5.18291951445e-07
4.90848433824e-07
4.64827697563e-07
4.40152549857e-07
4.16750138557e-07
3.94551706724e-07
3.73493599054e-07
3.53541123606e-07
3.34640801845e-07
3.16730407488e-07
2.99783253703e-07
2.83759413237e-07
2.68597107934e-07
2.5423898473e-07
2.40631857342e-07
2.2774715827e-07
2.1556093082e-07
2.04036633476e-07
1.93119328638e-07
1.82754370255e-07
1.7291097129e-07
1.63561254021e-07
1.5469781277e-07
1.46300404342e-07
1.38343934947e-07
1.30830682123e-07
1.23739672948e-07
1.17040394336e-07
1.10704629468e-07
1.04705848361e-07
9.90192086721e-08
9.36252659895e-08
8.85088639968e-08
8.36579606109e-08
7.90733869979e-08
7.47423616596e-08
7.0649895343e-08
6.678193076e-08
6.31252826066e-08
5.96674635067e-08
5.63930911151e-08
5.3289805383e-08
5.0347049846e-08
4.75549940275e-08
4.49044573839e-08
4.239297464e-08
4.00305171716e-08
3.78058122677e-08
3.57069094365e-08
3.37229287242e-08
3.18439844152e-08
3.00624547598e-08
2.83707468532e-08
2.67637217926e-08
2.52511199496e-08
2.38318508635e-08
2.25026359288e-08
2.12520192539e-08
2.00635159338e-08
1.89342750324e-08
1.78617832216e-08
1.68442738269e-08
1.58844043594e-08
1.49785350871e-08
1.41212596349e-08
1.33099066176e-08
1.25428330226e-08
1.18184000454e-08
1.11349780854e-08
1.04906482425e-08
9.88318496478e-09
9.31104701358e-09
8.77221207708e-09
8.26416805655e-09
7.78499499322e-09
7.33290830957e-09
6.90623828574e-09
6.50342284594e-09
6.12300079784e-09
5.76360985163e-09
5.4240155374e-09
5.10392406642e-09
4.80249691709e-09
4.51865684909e-09
4.25128648192e-09
3.9993120208e-09
3.76174667044e-09
3.53790577602e-09
3.32698746847e-09
3.12815089895e-09
2.94061303319e-09
2.76364484164e-09
2.59663443586e-09
2.43955044559e-09
2.29191879682e-09
2.15311466545e-09
2.02255576188e-09
1.89969953272e-09
1.78404054576e-09
1.67510804711e-09
1.57246367963e-09
1.47569935288e-09
1.38443664935e-09
1.29845380597e-09
1.21760466447e-09
1.14179498454e-09
1.07069712187e-09
1.00398246225e-09
9.41345996819e-10
8.82504698571e-10
8.27196010745e-10
7.75176841793e-10
7.26224238645e-10
6.80168870324e-10
6.36916947141e-10
5.9626022023e-10
5.58089750515e-10
5.22368966066e-10
4.88885876388e-10
4.57459051012e-10
4.2799482086e-10
4.00430143725e-10
3.74634523052e-10
3.50454233238e-10
3.27680222024e-10
3.06205340891e-10
2.8593822222e-10
2.66795058867e-10
2.48941742818e-10
2.32446901773e-10
2.17120754516e-10
2.02796050255e-10
1.89328611574e-10
1.76645294374e-10
1.64721833628e-10
1.53534139806e-10
1.43072130507e-10
1.33323073517e-10
1.24256624517e-10
1.15840593125e-10
1.07985016928e-10
1.00628561231e-10
9.37394820147e-11
8.72917277969e-11
8.126249229e-11
7.56246136547e-11
