0.171025527372
0.150935714382
0.133446958862
0.118188035234
0.104770628563
0.0929831375956
0.0826418083078
0.0735473565459
0.0655287276552
0.0584437141923
0.0522155224396
0.0467402397339
0.0419060089452
0.0376301696806
0.0338429090283
0.0304620642532
0.0274449444809
0.0247561519769
0.0223560960427
0.0202100647527
0.0182879866366
0.0165635618076
0.0150132520597
0.0136203818045
0.0123697235448
0.011246139815
0.0102361576634
0.00932787470885
0.00850829892393
0.00776674304931
0.00709539923105
0.0064867951526
0.00593417936048
0.00543162086746
0.00497390322131
0.00455643203661
0.00417514125567
0.00382643388696
0.00350876428383
0.00322658259947
0.00296947576503
0.00273353627319
0.00251703896179
0.0023183964898
0.00213614877139
0.00196895313334
0.00181557481987
0.00167485478416
0.0015456749648
0.00142705406778
0.00131809952345
0.0012181065281
0.00112669440672
0.00104299746095
0.000966161699565
0.000895440319276
0.000830184886903
0.000769858127338
0.00071404910868
0.000662565444228
0.000615101131945
0.000571363030722
0.00053107672865
0.000493907134717
0.000459441699809
0.000427459390975
0.000397780183149
0.000370262781794
0.000344766973511
0.000321138456629
0.000299216377153
0.000278855524757
0.000259924690543
0.000242310558092
0.000225946650367
0.00021079982705
0.000196806147125
0.000183827828417
0.000171766407825
0.000160535105786
0.000150056788316
0.000140262860102
0.000131116076967
0.000122597292441
0.000114671933129
0.000107306559718
0.000100471583452
9.41017793709e-05
8.81486849088e-05
8.25854555387e-05
7.73869296609e-05
7.25295483838e-05
6.79904583113e-05
6.3745860737e-05
5.97760225378e-05
5.60628215957e-05
5.25893533132e-05
4.93402854736e-05
4.63027398835e-05
4.34669545741e-05
4.08180028328e-05
3.8340701052e-05
3.60212694357e-05
3.38471950138e-05
3.18071127266e-05
2.98906917758e-05
2.80907899752e-05
2.64089391917e-05
2.48265258913e-05
2.33355473335e-05
2.19431564827e-05
2.06611510539e-05
1.94516322317e-05
1.83109632049e-05
1.72356781326e-05
1.62224468448e-05
1.52680729585e-05
1.43694917119e-05
1.35237675519e-05
1.27284179209e-05
1.19841987943e-05
1.12879035368e-05
1.06349716572e-05
1.002160895e-05
9.44516901388e-06
8.90320864456e-06
8.39346163919e-06
7.91382537715e-06
7.46234829276e-06
7.03721937835e-06
6.63683754946e-06
6.25995713386e-06
5.90495681061e-06
5.5705393306e-06
5.25606137017e-06
4.96088197175e-06
4.68353055309e-06
4.42238334508e-06
4.17623795143e-06
3.94402113694e-06
3.72474785778e-06
3.51751378129e-06
3.32148885165e-06
3.13593742707e-06
2.96020611844e-06
2.7937325425e-06
2.64025584142e-06
2.49561986845e-06
2.35852848561e-06
2.22866681127e-06
2.10581880317e-06
1.98977508781e-06
1.88018118983e-06
1.77669752279e-06
1.6790010006e-06
1.58679478067e-06
1.49983683457e-06
1.41784131655e-06
1.34045854374e-06
1.26743683932e-06
1.19853234778e-06
1.13351468603e-06
1.07216622063e-06
1.01426220013e-06
9.59511632962e-07
9.0772241957e-07
8.58722327109e-07
8.12350469238e-07
7.68479861218e-07
7.27001980077e-07
6.87849997891e-07
6.50886799096e-07
6.15972583794e-07
5.82977302695e-07
5.51779951862e-07
5.22268142326e-07
4.94340227159e-07
4.67909073348e-07
4.42877744492e-07
4.19154175708e-07
3.96654126238e-07
3.75375958736e-07
3.55350689134e-07
3.36473928418e-07
3.1864477123e-07
3.01771793604e-07
2.85772224643e-07
2.70571201191e-07
2.56101097107e-07
2.42373941911e-07
2.29445040567e-07
2.17281087202e-07
2.05862853738e-07
1.95108336225e-07
1.84888366269e-07
1.75165447251e-07
1.65922645231e-07
1.57143080621e-07
1.48810042527e-07
1.40906966124e-07
1.33417473873e-07
1.26325239368e-07
1.19611332763e-07
1.13258252459e-07
1.07249833927e-07
1.01568011344e-07
9.61938751353e-08
9.11101403816e-08
8.62996174391e-08
8.17461822272e-08
7.74347985334e-08
7.3351357563e-08
6.94825959096e-08
6.58160948088e-08
6.23426598544e-08
5.9052422737e-08
5.59344470858e-08
5.29828950245e-08
5.01890212796e-08
4.75430377645e-08
4.50358115009e-08
4.26598262506e-08
4.04083691361e-08
3.8273805319e-08
3.6248982829e-08
3.43273732684e-08
3.25185381469e-08
3.08051812702e-08
2.91788182983e-08
2.76397199883e-08
2.61831919535e-08
2.48039572002e-08
2.34971007638e-08
2.2258050497e-08
2.10825543934e-08
1.9967162604e-08
1.89088072394e-08
1.79039536988e-08
1.69488320582e-08
1.60400705442e-08
1.51796222883e-08
1.43761410905e-08
1.36209731766e-08
1.29038131867e-08
1.22211884142e-08
1.15720371501e-08
1.09552877037e-08
1.03698624504e-08
9.81468521152e-09
9.28894239438e-09
8.79218302841e-09
8.32326657166e-09
7.88024451976e-09
7.46061509247e-09
7.06305814521e-09
6.68634415816e-09
6.32931523748e-09
5.99088088157e-09
5.67001400652e-09
5.36574721454e-09
5.07719074564e-09
4.80394567941e-09
4.54527692161e-09
4.30028788671e-09
4.06858849988e-09
3.84960419678e-09
3.64245902454e-09
3.4463422126e-09
3.2605043182e-09
3.08460748054e-09
2.91838155849e-09
2.76133134985e-09
2.6126403046e-09
2.47149157245e-09
2.33746786307e-09
2.21018918983e-09
2.08952138234e-09
1.97518035125e-09
1.86683519125e-09
1.76460987653e-09
1.66822919572e-09
1.57725244717e-09
1.4912735715e-09
1.40991117501e-09
1.33281068317e-09
1.25970073421e-09
1.19037954492e-09
1.12468375469e-09
1.06260331916e-09
1.00396698737e-09
9.48577764468e-10
8.96250212413e-10
8.46809747197e-10
8.00090032223e-10
7.55874061209e-10
7.13992078275e-10
6.74301705818e-10
6.36670189018e-10
6.00973098083e-10
5.67166645796e-10
5.3535558316e-10
5.05393159137e-10
4.77125319733e-10
4.50411427687e-10
4.25123363757e-10
4.01166413183e-10
3.78443223584e-10
3.56881443258e-10
3.36586225459e-10
3.17536061458e-10
2.99684760587e-10
2.82887001948e-10
2.66938408378e-10
2.51797200818e-10
2.37426238667e-10
2.23800557396e-10
2.10966002759e-10
1.98867775839e-10
1.87423145146e-10
1.76593263658e-10
1.66355754658e-10
1.56688342671e-10
1.47568917768e-10
1.38972000857e-10
1.30868693102e-10
1.23240219668e-10
1.16059776596e-10
1.09292453601e-10
1.02912438662e-10
9.68957750459e-11
9.12200437527e-11
8.58642671539e-11
8.08088186378e-11
7.60354260222e-11
7.15274771877e-11
6.72796053741e-11
6.32801403475e-11
5.95150478393e-11
5.59694809632e-11
5.26291010497e-11
4.94807626419e-11
4.65158440903e-11
4.37237656538e-11
4.10932209573e-11
3.8613683422e-11
3.62753545711e-11
3.40699099954e-11
3.19962906815e-11
3.00481456569e-11
2.82171430998e-11
2.64955216635e-11
2.4876052668e-11
2.33520047861e-11
2.19171110704e-11
2.05655381745e-11
1.92918576306e-11
1.80910422628e-11
1.69603886216e-11
1.58980562605e-11
1.49023771738e-11
1.39689486082e-11
1.30933964745e-11
1.22716641466e-11
1.14999903544e-11
1.0774888622e-11
1.00931356761e-11
9.45179062803e-12
8.84867353579e-12
8.28270307219e-12
7.7510684445e-12
7.25214891327e-12
6.78521563941e-12
6.34748619857e-12
5.93661591905e-12
5.55153264949e-12
5.19158029455e-12
4.85507417412e-12
4.53996388684e-12
4.24336407947e-12
3.96387810101e-12
3.70032405736e-12
3.45161459674e-12
3.21963237904e-12
3.00510937647e-12
2.80571321695e-12
2.61938311681e-12
2.44433582401e-12
2.27963284361e-12
2.12490931891e-12
1.97980775789e-12
1.84418277399e-12
1.71785684742e-12
1.60040241039e-12
1.49137576855e-12
1.38965226122e-12
1.29445158854e-12
1.20534921228e-12
1.12200163126e-12
1.04411079596e-12
9.71314589227e-13
