14.7518730601
13.3404608687
12.0844978049
10.9640261043
9.9414180084
9.01646756323
8.1881360077
7.44469855947
6.77613608877
6.17393516812
5.6334120912
5.14820636928
4.71129882491
4.31675092849
3.95947430818
3.63497872786
3.340168354
3.07247629952
2.82902713568
2.60725162007
2.40489095732
2.21995285469
2.05067564174
1.895778293
1.75406563205
1.62433289286
1.50549371904
1.39658220576
1.29655132079
1.2044982401
1.11969641044
1.04148900255
0.969284875202
0.902552747083
0.840815109519
0.783642555632
0.730645802121
0.681473119142
0.635864900837
0.59421784085
0.555651717036
0.519772439899
0.486382133132
0.455298447647
0.426353259375
0.399391483255
0.374269876491
0.350854976001
0.329022115475
0.308658212399
0.289658927604
0.271940027428
0.255455251641
0.240105480459
0.225787735214
0.212409383085
0.199887410118
0.188147593474
0.17713413431
0.166819438234
0.157162035641
0.148122078177
0.139661953541
0.1317360932
0.124288003834
0.1172849506
0.110697931081
0.104501021884
0.0986770468572
0.0932045566828
0.0880587622442
0.0832168355846
0.0786577422059
0.0743622999334
0.0703144726178
0.0665065626946
0.0629287623403
0.0595631827148
0.0563932314194
0.0534034913294
0.0505799377976
0.0479098086843
0.045385452994
0.0430024793127
0.0407541312706
0.0386339264544
0.0366365419715
0.0347500758879
0.0329653063572
0.0312768418372
0.0296795675332
0.0281686426065
0.026739230466
0.0253859652675
0.0241045636882
0.0228910793167
0.0217417920447
0.0206531996282
0.0196221070335
0.0186462554325
0.0177223393754
0.0168469565025
0.0160169559398
0.0152294187907
0.0144816450792
0.013771132609
0.0130964208831
0.0124592869038
0.0118535264712
0.0112765598632
0.0107300315971
0.0102168597997
0.00972780874028
0.00926188104783
0.00881811953466
0.00839559866419
0.00799342413721
0.00761073240657
0.00724669013181
0.00690053523315
0.00657194681732
0.00626013577867
0.00596414727098
0.00568304936246
0.00541596580043
0.00516207567501
0.00492061100118
0.00469085321027
0.00447212985811
0.00426381204992
0.00406535200231
0.00387639749685
0.00369646526371
0.00352513466833
0.00336218272404
0.00320738823983
0.00306024425272
0.0029201284793
0.00278661237078
0.00265931184733
0.00253786812261
0.00242194597513
0.0023112328088
0.00220543800171
0.00210428832585
0.00200756230966
0.00191665710365
0.00183002522582
0.00174716257726
0.00166793645716
0.00159227310142
0.00152010433787
0.00145127062733
0.00138561821136
0.00132300034122
0.00126327813606
0.00120632352879
0.00115200519462
0.00110017379386
0.00105073331111
0.00100358180533
0.0009586213022
0.000915757669844
0.000874886918766
0.000835852945353
0.00079856835071
0.000762947774703
0.000728911720161
0.000696391770242
0.000665328181887
0.000635685392397
0.000607396637278
0.000580393342597
0.000554610682211
0.000529987364307
0.000506465677894
0.00048399358591
0.000462527740111
0.000442014409917
0.000422401206403
0.000403639261164
0.000385716709104
0.00036864561515
0.000352368580673
0.000336829073041
0.000321974868726
0.000307757748731
0.000294133216067
0.000281060233615
0.000268566638676
0.000256678654648
0.000245354009673
0.000234585581128
0.000224323787936
0.000214488234418
0.000205057010693
0.000196018482318
0.000187361045742
0.000179073357919
0.000171144150816
0.00016356225213
0.000156316419788
0.000149392466916
0.000142777523571
0.000136459930145
0.000130425997588
0.000124661706656
0.000119154423952
0.000113891214408
0.000108860386683
0.000104051049811
9.94528002398e-05
9.50556164957e-05
9.08499952502e-05
8.68296935215e-05
8.29874065929e-05
7.93141268913e-05
7.58042311808e-05
7.24503353207e-05
6.92444175505e-05
6.61788618979e-05
6.32468374684e-05
6.04419961106e-05
5.77578094165e-05
5.51880072339e-05
5.2726921137e-05
5.03891696586e-05
4.81552722795e-05
4.60160893323e-05
4.39718495277e-05
4.2018486856e-05
4.01513693963e-05
3.83661173935e-05
3.66585940439e-05
3.50248927146e-05
3.34615440826e-05
3.19653461199e-05
3.0532960819e-05
2.91605226769e-05
2.78445660003e-05
2.65870457035e-05
2.53970016485e-05
2.42660317203e-05
2.31832276676e-05
2.21447543432e-05
2.11494927204e-05
2.01963099368e-05
1.92840631111e-05
1.84116197291e-05
1.7578256946e-05
1.67832513092e-05
1.60253602353e-05
1.53023535796e-05
1.46112926546e-05
1.39506908147e-05
1.33191487135e-05
1.27153329246e-05
1.21379728405e-05
1.15858577188e-05
1.10578338657e-05
1.05528385957e-05
1.00706140509e-05
9.61030605357e-06
9.17074524076e-06
8.75122022076e-06
8.35086019637e-06
7.96853607647e-06
7.60318998536e-06
7.25383257755e-06
6.92019485052e-06
6.60212412892e-06
6.29903391399e-06
6.00968836269e-06
5.73280415883e-06
5.4678275653e-06
5.21424421729e-06
4.97183224749e-06
4.74019306146e-06
4.51886749268e-06
4.30790881821e-06
4.10693062413e-06
3.91535836355e-06
3.73265272328e-06
3.55829114501e-06
3.39179536842e-06
3.23268775611e-06
3.08063869658e-06
2.93538532205e-06
2.79688381922e-06
2.66485936999e-06
2.53899886414e-06
2.41900448257e-06
2.30459294965e-06
2.19549167225e-06
2.09135288702e-06
1.99190531218e-06
1.89690754561e-06
1.80613220513e-06
1.71936298217e-06
1.6365225111e-06
1.55779537762e-06
1.48292477813e-06
1.41163722734e-06
1.34367941905e-06
1.27881732351e-06
1.21688968588e-06
1.15772078736e-06
1.10116689951e-06
1.04742280553e-06
9.96454824725e-07
9.48177849202e-07
9.02304634038e-07
8.58408882058e-07
8.16406866606e-07
7.7622396196e-07
7.37817571889e-07
7.01343338514e-07
6.66680047215e-07
6.33619619707e-07
6.02074201374e-07
5.72002462162e-07
5.43362574033e-07
5.16112348625e-07
4.90196760535e-07
4.65555259267e-07
4.42145223625e-07
4.19904495705e-07
3.98749424803e-07
3.78623681379e-07
3.59474796342e-07
3.41253026553e-07
3.23911216701e-07
3.07404667939e-07
2.91691320824e-07
2.76732354321e-07
2.62512350354e-07
2.49002897192e-07
2.36171912187e-07
2.23983624995e-07
2.12402712971e-07
2.01396189938e-07
1.90938704982e-07
1.8100230803e-07
1.71558323932e-07
1.62579719866e-07
1.54041015084e-07
1.45920091161e-07
1.38213525e-07
1.30905206686e-07
1.23973018749e-07
1.17396090811e-07
1.11154732381e-07
1.05230369136e-07
9.9605482522e-08
9.4263552503e-08
8.91890032987e-08
8.43672964702e-08
7.97896483949e-08
7.54503235548e-08
7.13432155509e-08
6.74551850809e-08
6.37731405098e-08
6.02847909626e-08
5.69786001835e-08
5.38437429713e-08
5.08701610122e-08
4.80490086443e-08
4.5373797709e-08
4.28425117543e-08
4.04455739398e-08
3.81770346289e-08
3.60337487328e-08
3.40059898988e-08
3.20851959233e-08
3.02673348584e-08
2.85518276266e-08
2.69332920894e-08
2.54042716316e-08
2.39527418826e-08
2.25737012697e-08
2.12629986076e-08
2.00167557384e-08
1.88422858783e-08
1.77427727208e-08
1.6709747625e-08
1.57355851367e-08
1.48134727102e-08
1.39393543526e-08
1.31117329373e-08
1.23292537367e-08
1.15911907987e-08
1.08966977824e-08
1.02441493251e-08
9.63183217379e-09
9.05485058672e-09
8.50983920625e-09
7.99503979208e-09
7.50908465088e-09
7.0508138059e-09
6.61866736966e-09
