4.78788439521
4.2571877557
3.7920796986
3.38341856619
3.01536853526
2.68731325638
2.39819200724
2.14278757926
1.91664073248
1.71600781421
1.53896469128
1.38277656376
1.24443540861
1.12154979269
1.01210851931
0.914139448487
0.826451016878
0.748045613639
0.677810471862
0.614778630526
0.558111858632
0.507079157353
0.461035911227
0.419524418007
0.382128193444
0.348429153838
0.318052160979
0.290659889312
0.265868260623
0.243366520185
0.222923663315
0.204327581481
0.187388358308
0.171938056364
0.157827946025
0.144926104927
0.133115263217
0.122291054611
0.112392314701
0.103579058064
0.0955355570904
0.0881361443277
0.0813294826131
0.075068280875
0.0693089833377
0.0640114809825
0.0591388422218
0.0546566747532
0.05053242416
0.0467368857231
0.0432433178052
0.0400309686421
0.0370894506967
0.0343909362445
0.0319086822653
0.029619334083
0.0275025550041
0.0255410573413
0.0237222259632
0.0220410455741
0.0204886699152
0.0190564548957
0.0177361873189
0.016517063424
0.0153850457986
0.0143332350727
0.0133558178298
0.0124478764399
0.0116044994342
0.0108208327839
0.0100921687166
0.00941420685751
0.00878301625181
0.00819510176541
0.00764794836486
0.00714067175684
0.00667150858168
0.00623611834887
0.00583116769141
0.0054537282385
0.00510120405045
0.00477129301013
0.00446282270681
0.00417531042033
0.00390770630025
0.0036589743638
0.0034281117745
0.00321270222765
0.00301104002963
0.00282227716808
0.00264561523941
0.00248030291857
0.00232562135867
0.00218085811271
0.00204538190106
0.00191860470106
0.00179997485209
0.00168898430249
0.00158519518812
0.00148830433431
0.00139780157939
0.00131316143237
0.00123390766996
0.0011596084861
0.00108987217772
0.0010243432301
0.000962731789014
0.00090489651284
0.000850412544189
0.00079903128252
0.000751094663564
0.000707143571824
0.000665636854327
0.000626464268185
0.000589519335236
0.00055469811458
0.000521899392909
0.000491024840988
0.000461979139391
0.000434677452001
0.000409108714368
0.000385173012564
0.000362730569908
0.000341644048718
0.000321824427963
0.000303190129103
0.000285665266586
0.000269179227053
0.000253666278194
0.000239065215017
0.000225320208603
0.000212382080645
0.000200196337334
0.000188717252265
0.000177925515963
0.000167801253714
0.000158292203675
0.000149345765531
0.000140918863657
0.000132972673707
0.00012547172678
0.000118383614562
0.000111678726641
0.000105330702567
9.93160806492e-05
9.36160547205e-05
8.83970712273e-05
8.34840201123e-05
7.88250847316e-05
7.44109607767e-05
7.02338962868e-05
6.62861703996e-05
6.25575797787e-05
5.90381582692e-05
5.57182175626e-05
5.2588628979e-05
4.96416031291e-05
4.68679683228e-05
4.42541064616e-05
4.1789789868e-05
3.94662236701e-05
3.72751455219e-05
3.52087926083e-05
3.32595078502e-05
3.14186013e-05
2.96794520474e-05
2.80360240727e-05
2.64826730853e-05
2.50147243559e-05
2.36283177452e-05
2.23216692111e-05
2.10899694984e-05
1.99282448966e-05
1.88318827801e-05
1.7796604592e-05
1.68184432239e-05
1.58937658596e-05
1.50193337555e-05
1.41918584055e-05
1.34082555525e-05
1.26656949229e-05
1.1964176966e-05
1.13055025916e-05
1.06860049601e-05
1.01021007773e-05
9.55055241323e-06
9.0284370484e-06
8.53311900602e-06
8.06222494261e-06
7.61508773427e-06
7.19407857275e-06
6.7993806983e-06
6.43035379446e-06
6.08367351411e-06
5.75444026495e-06
5.44159282994e-06
5.14456415928e-06
4.86278891264e-06
4.59570678972e-06
4.34276243665e-06
4.10340685256e-06
3.87709481004e-06
3.66322731013e-06
3.46124212718e-06
3.27060980571e-06
3.09071732359e-06
2.92090811715e-06
2.76059081862e-06
2.60919353528e-06
2.46617356584e-06
2.33102445347e-06
2.2032719994e-06
2.08247148029e-06
1.96820707977e-06
1.86013919414e-06
1.75792422158e-06
1.66121305734e-06
1.56986477622e-06
1.48360654831e-06
1.40211448824e-06
1.32508658642e-06
1.25226868903e-06
1.18343231298e-06
1.118327125e-06
1.0567187309e-06
9.98392049089e-07
9.43488923886e-07
8.91568765756e-07
8.42402976456e-07
7.96033402868e-07
7.52297103382e-07
7.1100642195e-07
6.71988274419e-07
6.35083075685e-07
6.00143714831e-07
5.67048190257e-07
5.35688091027e-07
5.05945490146e-07
4.77700309299e-07
4.50845192007e-07
4.25480533137e-07
4.019681974e-07
3.79980516268e-07
3.59132802448e-07
3.39308127815e-07
3.20480657089e-07
3.02623212162e-07
2.85707497735e-07
2.69704473031e-07
2.54591652484e-07
2.40353148925e-07
2.26956454077e-07
2.14339230719e-07
2.0241781507e-07
1.91151571545e-07
1.80502770633e-07
1.70435913849e-07
1.60917601839e-07
1.51916410454e-07
1.43402774339e-07
1.3534938512e-07
1.27740937097e-07
1.205545105e-07
1.13763750002e-07
1.07358756661e-07
1.01323552493e-07
9.56318803291e-08
9.02594422129e-08
8.51837789596e-08
8.03927394761e-08
7.58762296136e-08
7.16190395281e-08
6.75983242364e-08
6.37914178204e-08
6.01856150328e-08
5.67695163154e-08
5.35412763432e-08
5.04929463988e-08
4.76140908309e-08
4.49045997995e-08
4.23557163604e-08
3.99552224927e-08
3.76918658632e-08
3.55551179386e-08
3.3535555433e-08
3.16253375628e-08
2.98182753524e-08
2.81095805636e-08
2.65001526061e-08
2.49849240559e-08
2.35578545628e-08
2.22133093085e-08
2.09460311869e-08
1.97510769284e-08
1.86227578971e-08
1.75564470662e-08
1.65480141613e-08
1.55936382358e-08
1.46897720181e-08
1.38355535256e-08
1.30350870339e-08
1.22840284147e-08
1.15777738514e-08
1.09121532752e-08
1.02833980164e-08
9.68869858896e-09
9.12524393067e-09
8.59113084585e-09
8.09017424111e-09
7.62181747211e-09
7.18467652301e-09
6.77452395719e-09
6.3854821876e-09
6.01649811418e-09
5.66664359439e-09
5.33531619564e-09
5.02385978483e-09
4.73086746785e-09
4.45415850046e-09
4.19273614955e-09
3.94603922397e-09
3.71350868532e-09
3.49458948188e-09
3.28868386302e-09
3.09509062915e-09
2.91327724531e-09
2.74251693117e-09
2.58186730958e-09
2.43065144616e-09
2.28824850899e-09
2.15408049525e-09
2.0276093611e-09
1.90833434537e-09
1.79579087955e-09
1.68956221731e-09
1.58960077682e-09
1.49564401772e-09
1.40734394356e-09
1.32432150978e-09
1.24620885052e-09
1.17266895422e-09
1.10345981115e-09
1.03830795589e-09
9.76931802659e-10
9.19070433752e-10
8.64482164279e-10
8.12968871305e-10
7.64563196905e-10
7.1912502251e-10
6.76446557902e-10
6.36334976181e-10
5.98611377176e-10
5.63109822816e-10
5.29676439834e-10
4.98168585444e-10
4.6845407192e-10
4.40412313925e-10
4.13976567617e-10
3.89112618242e-10
3.65799503516e-10
3.43931248151e-10
3.23401029537e-10
3.0411008029e-10
2.85967113225e-10
2.68887787692e-10
2.5279557357e-10
2.37628133486e-10
2.23336340668e-10
2.0990526144e-10
1.97265801789e-10
1.85380480413e-10
1.74236452825e-10
1.63765432242e-10
1.53907867157e-10
1.44638035077e-10
1.35955325323e-10
1.27822329517e-10
1.20188660114e-10
1.1297448671e-10
1.06148003647e-10
9.96834442094e-11
9.35571495359e-11
8.78178256331e-11
8.24860528724e-11
7.75075352274e-11
7.28342992296e-11
6.84251619054e-11
6.42619388121e-11
6.03367602498e-11
5.66408452934e-11
5.31687041109e-11
4.99144050119e-11
4.68682517591e-11
4.40204393569e-11
4.13464997611e-11
3.88288514693e-11
3.64575565416e-11
3.42256812755e-11
3.21278707922e-11
3.01554968618e-11
