0.0794506455966
0.0722321937854
0.0657672794193
0.0599657895938
0.0547093761688
0.0499573118181
0.045673433427
0.0418049140641
0.038305893418
0.0351365996591
0.0322664132789
0.0296646011342
0.0273016398703
0.0251524159139
0.0231948331626
0.0214078367677
0.0197752510925
0.0182829994061
0.0169174879376
0.0156664787086
0.0145190667557
0.0134654837589
0.0124968933569
0.0116059464205
0.0107860370569
0.010030989643
0.00933521295604
0.00869368167946
0.00810138769665
0.00755388679148
0.00704740704147
0.00657847207297
0.00614391876611
0.00574088359354
0.00536677956504
0.00501927139901
0.00469621196718
0.00439564775554
0.00411613698812
0.00385768278949
0.00361715922885
0.00339283824819
0.00318355808801
0.00298824630659
0.00280591239395
0.00263564103984
0.00247658436255
0.00232794277532
0.00218895987775
0.00205896089568
0.00193732338571
0.00182350256621
0.00171707549334
0.00161750505015
0.0015242610328
0.00143685913324
0.00135485809066
0.00127785847573
0.00120551658865
0.00113757788755
0.00107377594111
0.00101385898904
0.00095759048022
0.000904711817285
0.000854930198886
0.000808043576262
0.000763873542253
0.000722264160456
0.000683085380406
0.000646192528348
0.000611431101114
0.000578658436193
0.000547742715887
0.00051856460077
0.000491033454581
0.000465082835533
0.000440632202976
0.000417562575697
0.000395780028293
0.00037519798448
0.00035573652312
0.000337321826826
0.000319897416533
0.000303420952584
0.000287845769352
0.000273127284372
0.000259226228927
0.000246075594899
0.000233621473947
0.000221827387076
0.000210658726184
0.000200082735614
0.000190066763623
0.000180574766462
0.000171577682747
0.000163048690445
0.000154962495439
0.000147295327569
0.000140025285967
0.00013313395137
0.000126599534276
0.000120400492567
0.000114516744748
0.000108929563849
0.000103621499742
9.85762665402e-05
9.37832119875e-05
8.92505642715e-05
8.4941615423e-05
8.08399303794e-05
7.69487184018e-05
7.32775494652e-05
6.97804776469e-05
6.64496758189e-05
6.32776818973e-05
6.02573462638e-05
5.73818201686e-05
5.4644544401e-05
5.20392382443e-05
4.9560356464e-05
4.7207226412e-05
4.49738232478e-05
4.28519690301e-05
4.08344282722e-05
3.89155243571e-05
3.70899183781e-05
3.53525879147e-05
3.36988072061e-05
3.2124128517e-05
3.0624371896e-05
2.91958152445e-05
2.78356616971e-05
2.65402807497e-05
2.53067482058e-05
2.41330842452e-05
2.30173120819e-05
2.19560539888e-05
2.09450930849e-05
1.99815492574e-05
1.90628332537e-05
1.81865139984e-05
1.73503083867e-05
1.65520757853e-05
1.57898223257e-05
1.50616682501e-05
1.43659987469e-05
1.3709662176e-05
1.30841211141e-05
1.24862998848e-05
1.19151372886e-05
1.13699445901e-05
1.08500815432e-05
1.03543604318e-05
9.88163679121e-06
9.43082202603e-06
9.00089443903e-06
8.59093449823e-06
8.19998310322e-06
7.82697521777e-06
7.47120551686e-06
7.13195599466e-06
6.80853393078e-06
6.5002713629e-06
6.20642465382e-06
5.92586569846e-06
5.65797734924e-06
5.40214663799e-06
5.15780064334e-06
4.92446608383e-06
4.70171175102e-06
4.48919931456e-06
4.28644472198e-06
4.09296298273e-06
3.90829481708e-06
3.73200523557e-06
3.5636853848e-06
3.40296754268e-06
3.24953127542e-06
3.10299063272e-06
2.9629709113e-06
2.82912330256e-06
2.70136298235e-06
2.57970051521e-06
2.46373177707e-06
2.35306371798e-06
2.24733300948e-06
2.14620392457e-06
2.04936637302e-06
1.95653408043e-06
1.8679099253e-06
1.78363520382e-06
1.70336419385e-06
1.62704181648e-06
1.55435932442e-06
1.4847798208e-06
1.4181191863e-06
1.35428985312e-06
1.29320461883e-06
1.23477871962e-06
1.17892807423e-06
1.12556943781e-06
1.07461892913e-06
1.02596755502e-06
9.79519598467e-07
9.35189933514e-07
8.92880526499e-07
8.52492997199e-07
8.13938237574e-07
7.77123340671e-07
7.41964869902e-07
7.08385319039e-07
6.76310546915e-07
6.45668961744e-07
6.16392654013e-07
5.88436055271e-07
5.61745818929e-07
5.36256701369e-07
5.11922457336e-07
4.8868851219e-07
4.66497920929e-07
4.45296660542e-07
4.25037377998e-07
4.05676412437e-07
3.8716724737e-07
3.69465039197e-07
3.52529525828e-07
3.36471193627e-07
3.21145718826e-07
3.06484606111e-07
2.92484536535e-07
2.7911730392e-07
2.66351590378e-07
2.54157657228e-07
2.42507320059e-07
2.31373877499e-07
2.20734162733e-07
2.10566911948e-07
2.00848950621e-07
1.91552471334e-07
1.82652978906e-07
1.74158842812e-07
1.66120689781e-07
1.58486057698e-07
1.51187101297e-07
1.44198241667e-07
1.37510428035e-07
1.31114647005e-07
1.25001939323e-07
1.19163557354e-07
1.13594121961e-07
1.08287826852e-07
1.03235294981e-07
9.84213276084e-08
9.3826600718e-08
8.94406008621e-08
8.52534338559e-08
8.12556908078e-08
7.74384240704e-08
7.37931243992e-08
7.03116992537e-08
6.69867217744e-08
6.38166476665e-08
6.07955004637e-08
5.79149806177e-08
5.51700469717e-08
5.25545516201e-08
5.00605687015e-08
4.76806976082e-08
4.54080412798e-08
4.32410066857e-08
4.11789980693e-08
3.92182448114e-08
3.73497798291e-08
3.55641647352e-08
3.3857674588e-08
3.2226838101e-08
3.06699721037e-08
2.91843311047e-08
2.77668688308e-08
2.64184415044e-08
2.51364830913e-08
2.39169692801e-08
2.27561374231e-08
2.16503113664e-08
2.05961898658e-08
1.95904934185e-08
1.86310252515e-08
1.77160242174e-08
1.68450642106e-08
1.6016320417e-08
1.52277391266e-08
1.4477363337e-08
1.37633283471e-08
1.30838354539e-08
1.24365366411e-08
1.18196065971e-08
1.12314503494e-08
1.06705685206e-08
1.01355292368e-08
9.62573261258e-09
9.14214149627e-09
8.68311409112e-09
8.24691667176e-09
7.83194145568e-09
7.43670152837e-09
7.06022253725e-09
6.70139674101e-09
6.3592490118e-09
6.03480739235e-09
5.72773192222e-09
5.43739424859e-09
5.16202578319e-09
4.89910027144e-09
4.64803439271e-09
4.40830519247e-09
4.17963781439e-09
3.96328080325e-09
3.75837710571e-09
3.56336397789e-09
3.37761066594e-09
3.20086392345e-09
3.03286673276e-09
2.87335928383e-09
2.72202597907e-09
2.57851944465e-09
2.44258684976e-09
2.31382029206e-09
2.19164086706e-09
2.07569002155e-09
1.96563655518e-09
1.86116705319e-09
1.76198496067e-09
1.66780970333e-09
1.57837871254e-09
1.4934505979e-09
1.4129350627e-09
1.33665764158e-09
1.26442017042e-09
1.19599786953e-09
1.13116854639e-09
1.06972525902e-09
1.0115087577e-09
9.56344455241e-10
9.04053999448e-10
8.54469777873e-10
8.07434303796e-10
7.62812064157e-10
7.2059333493e-10
6.8068363552e-10
6.42945907995e-10
6.07251267856e-10
5.73478543795e-10
5.41513842273e-10
5.1125013565e-10
4.82586872616e-10
4.55429609783e-10
4.29690799461e-10
4.05320375296e-10
3.82290177771e-10
3.60566307739e-10
3.40068741647e-10
3.20717762443e-10
3.02438885031e-10
2.8516253902e-10
2.68823769883e-10
2.53362850034e-10
2.38729524447e-10
2.24890074196e-10
2.11844439394e-10
1.99532853149e-10
1.87916080845e-10
1.76972517554e-10
1.66644487722e-10
1.5688112389e-10
1.47663227184e-10
1.39002113307e-10
1.30870141133e-10
1.2322246378e-10
1.15977375989e-10
1.09107604293e-10
1.02591724997e-10
9.64096653384e-11
9.05965519883e-11
8.51669870577e-11
8.0078050444e-11
7.52909710549e-11
7.07716421015e-11
6.65027017598e-11
6.24746256482e-11
5.86779057498e-11
5.51061581977e-11
5.1752705425e-11
4.86076585343e-11
4.56611066301e-11
4.28908673472e-11
4.0280628093e-11
3.78205625395e-11
3.55039527738e-11
3.3325629478e-11
3.12768642974e-11
