0.0286269034907
0.0252512798425
0.0223137986096
0.0197528738628
0.0175137347521
0.015553342218
0.0138351048959
0.012325516429
0.0109955995143
0.00982132325219
0.00878767779927
0.00787709883817
0.00707170171915
0.00635911680571
0.00572870793057
0.0051655684033
0.00466255738099
0.00421374449222
0.0038127810562
0.00345402232089
0.00313255348374
0.00284404107888
0.00258453188186
0.00235112599419
0.00214121783582
0.00195228850827
0.00178210421184
0.00162871531286
0.0014900727788
0.00136444921152
0.00125059180187
0.00114725128143
0.00105328629926
0.000967696215583
0.000889604094179
0.000818241050446
0.000752923331498
0.00069304693635
0.000638431214041
0.000589622856792
0.000544995715065
0.000503953856609
0.000466208764712
0.000431494922921
0.000399568044243
0.000370203421304
0.00034319414157
0.000318343600658
0.000295458625787
0.000274373033637
0.000254936226011
0.000237027080436
0.00022057642255
0.000205447524037
0.000191500575129
0.00017861219522
0.000166674729533
0.000155600487695
0.00014531848657
0.000135791304674
0.000126965390749
0.000118790005563
0.000111217899558
0.000104192781786
9.76462302536e-05
9.15399666244e-05
8.58439387518e-05
8.05365882606e-05
7.55971924281e-05
7.09993412778e-05
6.67129564363e-05
6.27109859408e-05
5.89690756865e-05
5.54666532327e-05
5.21945429188e-05
4.91473502325e-05
4.63131128299e-05
4.36662801082e-05
4.11898379774e-05
3.88686166412e-05
3.668900228e-05
3.46387708018e-05
3.27111863581e-05
3.09028157237e-05
2.92075528388e-05
2.76195328565e-05
2.61341704322e-05
2.47399035113e-05
2.34278584123e-05
2.21931394057e-05
2.10311384134e-05
1.9937539281e-05
1.89080031751e-05
1.79375475326e-05
1.70224038407e-05
1.61591570686e-05
1.53446181587e-05
1.45759266519e-05
1.3850767874e-05
1.31673594263e-05
1.25228439841e-05
1.1914274149e-05
1.13389547932e-05
1.07944200407e-05
1.02784200357e-05
9.78889544086e-06
9.32492766714e-06
8.88923822418e-06
8.47558158727e-06
8.08195416765e-06
7.71019508223e-06
7.36333132477e-06
7.03276324952e-06
6.71776277323e-06
6.41763895432e-06
6.13172917772e-06
5.85939821153e-06
5.60003729148e-06
5.35306323184e-06
5.11803544519e-06
4.89568181332e-06
4.68530773838e-06
4.48575948066e-06
4.2962106134e-06
4.11603807506e-06
3.94465728583e-06
3.78152302191e-06
3.6261266817e-06
3.47799369054e-06
3.33668240242e-06
3.20183152129e-06
3.0732774545e-06
2.95063844128e-06
2.83364638511e-06
2.72222545946e-06
2.61629927249e-06
2.51548889486e-06
2.41925149879e-06
2.32727257137e-06
2.23928010808e-06
2.15502119057e-06
2.07426056633e-06
1.99678074618e-06
1.92239110595e-06
1.85091999049e-06
1.7822214909e-06
1.71778685089e-06
1.65614330104e-06
1.59685163588e-06
1.53984131752e-06
1.48512160163e-06
1.43271125528e-06
1.38249831034e-06
1.33437336878e-06
1.28823256004e-06
1.24398245124e-06
1.20155459402e-06
1.1608574768e-06
1.12179279048e-06
1.08432593295e-06
1.0484015903e-06
1.0139665681e-06
9.8096973955e-07
9.49339888514e-07
9.1891546664e-07
8.89646856718e-07
8.61471162858e-07
8.34332888575e-07
8.08202223709e-07
7.83056889504e-07
7.58894336912e-07
7.35671030304e-07
7.13338925885e-07
6.9185263193e-07
6.71169245167e-07
6.51249064357e-07
6.32060446008e-07
6.13583888333e-07
5.95776534326e-07
5.78594240442e-07
5.61996266639e-07
5.46012256804e-07
5.30694863847e-07
5.15985883164e-07
5.0182577183e-07
4.88158678127e-07
4.74932173462e-07
4.62097010696e-07
4.49606906938e-07
4.37573463148e-07
4.26080759512e-07
4.15050049332e-07
4.04499472733e-07
3.94378954589e-07
3.84566378418e-07
3.75032415749e-07
3.65777929236e-07
3.56803435649e-07
3.48110098495e-07
3.39698855151e-07
3.31570450074e-07
3.23724895757e-07
3.16152260166e-07
3.08845598813e-07
3.0180083411e-07
2.95009620435e-07
2.88461631652e-07
2.82147775821e-07
2.76056154005e-07
2.70176859769e-07
2.64501476218e-07
2.59021673207e-07
2.53728659456e-07
2.48614072025e-07
2.4368090603e-07
2.38927431522e-07
2.34343699246e-07
2.29928632242e-07
2.25675991734e-07
2.21576966223e-07
2.17622785071e-07
2.13807447493e-07
2.10126083769e-07
2.0657040104e-07
2.03131444567e-07
1.99802142101e-07
1.96683967568e-07
1.93699326638e-07
1.90818450104e-07
1.88055872387e-07
1.854107248e-07
1.82879361763e-07
1.80458265815e-07
1.78144099577e-07
1.75933711484e-07
1.73826229606e-07
1.71821833749e-07
1.69918000054e-07
1.68106629312e-07
1.66380842481e-07
1.64762301088e-07
1.63314946472e-07
1.62011138616e-07
1.60804180073e-07
1.59683283328e-07
1.58652809636e-07
1.57717443962e-07
1.56882236928e-07
1.56152965125e-07
1.55542520481e-07
1.55062663495e-07
1.54720705887e-07
1.54516205479e-07
1.54441514092e-07
1.54500173909e-07
1.54696482867e-07
1.55035410881e-07
1.55522672681e-07
1.56164812288e-07
1.56969301182e-07
1.57945382009e-07
1.59119397884e-07
1.60508505062e-07
1.62124072701e-07
1.63987800755e-07
1.66120291641e-07
1.6853790073e-07
1.71259521015e-07
1.74307015016e-07
1.77727922727e-07
1.81582042769e-07
1.85923210756e-07
1.90786368693e-07
1.96205976616e-07
2.02252208278e-07
2.09008234246e-07
2.16582888057e-07
2.2509949203e-07
2.34703971295e-07
2.45611777139e-07
2.58052817235e-07
2.72291345208e-07
2.88654779032e-07
3.07550637016e-07
3.29498012176e-07
3.55149304409e-07
3.85366529291e-07
4.21284520667e-07
4.64437049803e-07
5.1685603929e-07
5.81304350074e-07
6.6160670683e-07
7.63139375282e-07
8.93571826962e-07
1.06393894488e-06
1.29037826769e-06
1.59634663535e-06
2.01341316205e-06
2.5651655164e-06
3.16445142103e-06
3.40012604134e-06
2.93583560736e-06
2.1980144744e-06
1.58732849334e-06
1.15546317153e-06
8.56611569349e-07
6.47433351769e-07
4.98305534763e-07
3.90015085213e-07
3.0992086412e-07
2.49644885358e-07
2.0351500333e-07
1.67636282712e-07
1.39356121807e-07
1.16795440698e-07
9.86056730698e-08
8.38294881955e-08
7.17137262623e-08
6.16824319783e-08
5.33130261654e-08
4.62851797026e-08
4.03492614302e-08
3.5308835922e-08
3.1007295849e-08
2.73191540406e-08
2.41442366465e-08
2.13997244061e-08
1.90164966312e-08
1.69393734067e-08
1.51228606857e-08
1.35291848582e-08
1.21268195233e-08
1.08893237976e-08
9.79443907502e-09
8.82336086995e-09
7.96068194272e-09
7.19285266608e-09
6.50817036767e-09
5.89639682555e-09
5.34867156068e-09
4.8573600758e-09
4.41602687045e-09
4.0189563254e-09
3.66110750122e-09
3.33808479848e-09
3.04604604326e-09
2.78165883783e-09
2.54231877848e-09
2.32549022532e-09
2.12879877774e-09
1.95014851046e-09
1.78768591206e-09
1.63976895573e-09
1.50494050439e-09
1.3819053869e-09
1.26951059207e-09
1.16673136812e-09
1.0727355589e-09
9.86805605327e-10
9.08258777769e-10
8.36393654139e-10
7.70573829477e-10
7.10229371703e-10
6.54849300952e-10
6.03974990909e-10
5.57196184874e-10
5.14154538389e-10
4.74546469497e-10
4.38148272985e-10
4.04658928393e-10
3.73833617055e-10
3.45472750887e-10
3.19336769902e-10
2.95216645838e-10
2.72968730342e-10
2.52496946326e-10
2.33658026568e-10
2.16295730804e-10
2.0021576887e-10
1.85309191828e-10
1.71482276706e-10
1.58649543336e-10
1.46809424151e-10
1.35932218228e-10
1.25911396919e-10
1.16652743217e-10
1.08073344565e-10
1.00114012927e-10
9.27335991537e-11
8.58943230208e-11
7.95659830502e-11
7.3719475464e-11
6.83216019524e-11
6.33408481598e-11
5.87298170283e-11
5.44521651927e-11
5.04824461852e-11
4.67996368259e-11
4.33853984611e-11
4.02191511749e-11
