0.0282070852709
0.0248596190184
0.0219480104651
0.0194108937347
0.0171937762175
0.0152537781003
0.0135544212451
0.0120623394482
0.0107486750353
0.00958949747011
0.0085698423549
0.00767222830284
0.00687887528987
0.00617749053634
0.00555750565552
0.00500411185292
0.00451021275068
0.00406990881095
0.0036768953663
0.00332557256507
0.00301106635453
0.00272908067695
0.0024756979469
0.00224804178469
0.00204352849622
0.00185966336726
0.00169423501033
0.00154531212136
0.00141086843113
0.00128919872423
0.0011790662195
0.00107923817653
0.000988588916943
0.00090613212606
0.000831003618884
0.000762445657456
0.000699785793211
0.000642430442963
0.000590201162879
0.000543620798739
0.000501101194333
0.000462060317605
0.000426215192753
0.000393305543491
0.000363092038715
0.000335354658321
0.00030989100084
0.000286509154801
0.000265020617
0.000245263085945
0.000227089566019
0.000210381673673
0.000195070488183
0.000181022238739
0.000168101682628
0.00015618969658
0.000145182508463
0.00013499583715
0.000125561253087
0.000116842136284
0.00010878666598
0.000101345766707
9.44738067121e-05
8.81168126116e-05
8.220966554e-05
7.6715736694e-05
7.1606271238e-05
6.68605972569e-05
6.24572670216e-05
5.83704976525e-05
5.45720157093e-05
5.10364335487e-05
4.77409321022e-05
4.46662728363e-05
4.18038827612e-05
3.91484254284e-05
3.66883947736e-05
3.4399452548e-05
3.22656531861e-05
3.02729001573e-05
2.84085762245e-05
2.6661382697e-05
2.50250208052e-05
2.34961591853e-05
2.20690512787e-05
2.07381728192e-05
1.94989458895e-05
1.8340719237e-05
1.72553535511e-05
1.62382650212e-05
1.52851557576e-05
1.43920057738e-05
1.35548508484e-05
1.2769360541e-05
1.20321196709e-05
1.13400174511e-05
1.06901543215e-05
1.00799400109e-05
9.50729114121e-06
8.97054989356e-06
8.46714542091e-06
7.99444856163e-06
7.55006351812e-06
7.13180601199e-06
6.7376853216e-06
6.36588501508e-06
6.01534930344e-06
5.6872819284e-06
5.37741795454e-06
5.0842516551e-06
4.80919279802e-06
4.55458129688e-06
4.31333661978e-06
4.08480566307e-06
3.86836940322e-06
3.66343556737e-06
3.46943770308e-06
3.2858342781e-06
3.11210780826e-06
2.94785710663e-06
2.79359855943e-06
2.64871459819e-06
2.51220786006e-06
2.38333575764e-06
2.26161044557e-06
2.14657884405e-06
2.03781977423e-06
1.93494162883e-06
1.83758017189e-06
1.74539701658e-06
1.65810219287e-06
1.57549988644e-06
1.49726762949e-06
1.42316914897e-06
1.35311184232e-06
1.28700328086e-06
1.22455214554e-06
1.16540195876e-06
1.10931367473e-06
1.05607611861e-06
1.00549430617e-06
9.57388172426e-07
9.11591589551e-07
8.67960089484e-07
8.26367853655e-07
7.86703119235e-07
7.49928670569e-07
7.15050405675e-07
6.81767880138e-07
6.50023508985e-07
6.19793082397e-07
5.91054608868e-07
5.63733971941e-07
5.37759957276e-07
5.13065051802e-07
4.89589087103e-07
4.67290047947e-07
4.46108774289e-07
4.25971171087e-07
4.06832091033e-07
3.886433422e-07
3.71359017871e-07
3.54935399261e-07
3.39323281529e-07
3.24444212444e-07
3.10256064921e-07
2.96721415313e-07
2.83805379004e-07
2.71485222993e-07
2.59742870046e-07
2.4857069365e-07
2.37938215072e-07
2.27813010706e-07
2.18164721629e-07
2.08964916008e-07
2.00187100156e-07
1.91807897248e-07
1.83808766682e-07
1.7616518289e-07
1.68853228969e-07
1.61851075697e-07
1.55170750932e-07
1.48834603364e-07
1.42812365195e-07
1.37073870852e-07
1.31591381977e-07
1.26339398132e-07
1.21294487913e-07
1.16435138777e-07
1.11780457166e-07
1.07363501963e-07
1.03172589134e-07
9.92087558362e-08
9.54453429994e-08
9.18300266663e-08
8.83495469398e-08
8.50018684587e-08
8.17848405878e-08
7.86962662817e-08
7.57338650268e-08
7.28952877428e-08
7.01780193381e-08
6.75776218791e-08
6.50902651125e-08
6.27127094628e-08
6.04404802822e-08
5.82683333519e-08
5.61915402404e-08
5.42049587932e-08
5.23037148316e-08
5.04832621547e-08
4.87392866289e-08
4.70676687879e-08
4.54645212277e-08
4.39281289232e-08
4.24559814895e-08
4.10443208154e-08
3.96925919322e-08
3.83982102396e-08
3.71576549529e-08
3.59675897302e-08
3.48257842935e-08
3.37304743775e-08
3.26787496119e-08
3.16678140564e-08
3.0695165808e-08
2.97746384782e-08
2.88928380963e-08
2.80443712174e-08
2.72321665204e-08
2.64548402836e-08
2.57102855275e-08
2.49964899818e-08
2.43115381543e-08
2.36536065438e-08
2.30216110454e-08
2.24147591909e-08
2.18314358987e-08
2.12694155467e-08
2.0726702752e-08
2.02076076924e-08
1.97254253751e-08
1.92725763947e-08
1.88382241765e-08
1.84195485754e-08
1.80167917206e-08
1.76301999162e-08
1.72600266837e-08
1.69065446028e-08
1.65705812092e-08
1.62537539767e-08
1.59564247208e-08
1.56774645364e-08
1.54144639162e-08
1.51669265632e-08
1.4934420197e-08
1.47165502353e-08
1.45129592975e-08
1.43233268959e-08
1.41473693285e-08
1.39849053284e-08
1.38372006858e-08
1.37045449613e-08
1.35866126377e-08
1.34846322758e-08
1.33993270271e-08
1.33303385496e-08
1.32773612484e-08
1.3240144801e-08
1.32201725113e-08
1.32194354737e-08
1.32390059685e-08
1.32781889079e-08
1.33358715368e-08
1.3412931891e-08
1.35104604389e-08
1.36310767026e-08
1.37768626441e-08
1.39498489556e-08
1.41562256387e-08
1.43997497243e-08
1.46829759419e-08
1.50088440188e-08
1.53806147129e-08
1.58019189123e-08
1.62774938682e-08
1.68133291965e-08
1.74163525463e-08
1.80962758448e-08
1.88609394905e-08
1.97170539091e-08
2.06694807337e-08
2.17191334191e-08
2.28593650642e-08
2.40679782408e-08
2.5300234875e-08
2.64743209573e-08
2.74539864158e-08
2.80409021107e-08
2.80066411296e-08
2.71844416116e-08
2.55612722264e-08
2.33226413896e-08
2.07646095703e-08
1.81642810758e-08
1.57097128889e-08
1.34961366296e-08
1.15547982414e-08
9.88503462007e-09
8.46366390231e-09
7.26034940301e-09
6.2421823491e-09
5.37813378175e-09
4.64424646405e-09
4.01991261009e-09
3.48783403518e-09
3.03453755985e-09
2.64713625928e-09
2.314555415e-09
2.02818869642e-09
1.78105434151e-09
1.56730707074e-09
1.38204358237e-09
1.2211115133e-09
1.08098531111e-09
9.58769724818e-10
8.51941456244e-10
7.58294712432e-10
6.76018037911e-10
6.03575204798e-10
5.39658426043e-10
4.83151381641e-10
4.33098694582e-10
3.88681211609e-10
3.49196570313e-10
3.14083752143e-10
2.82825414373e-10
2.54960355154e-10
2.3008058891e-10
2.07829955015e-10
1.87899833862e-10
1.70035638461e-10
1.54004394615e-10
1.39596890168e-10
1.26630113969e-10
1.14943701016e-10
1.04399212092e-10
9.48940691828e-11
8.6321622446e-11
7.85807069169e-11
7.15821105033e-11
6.52470519098e-11
5.95058667168e-11
5.42968711894e-11
4.95653781289e-11
4.52628430303e-11
4.13461817276e-11
3.77817346505e-11
3.45405895495e-11
3.15962225654e-11
2.89190551923e-11
2.64821691805e-11
2.42615804794e-11
2.22358987627e-11
2.03860290342e-11
1.86949263816e-11
1.71474438465e-11
1.57310282568e-11
1.44361096884e-11
1.32507002926e-11
1.21656304507e-11
1.11738428588e-11
1.02656517965e-11
9.43279199739e-12
8.66966772194e-12
7.97172759751e-12
7.33307492723e-12
6.74762240152e-12
6.20838050014e-12
5.71106605297e-12
5.25198191922e-12
4.82779467899e-12
4.43930367344e-12
4.08578821001e-12
3.76265302652e-12
3.465912584e-12
3.19215439494e-12
2.93919882273e-12
2.70568387673e-12
2.4903388201e-12
2.29224761329e-12
2.11051031854e-12
1.94396239994e-12
1.79148688093e-12
1.65125139841e-12
1.52190151389e-12
1.40254711208e-12
1.29243907797e-12
1.19091865158e-12
1.09728228678e-12
