5.64333450433e-10
5.82492643797e-10
6.00443302598e-10
6.18185623475e-10
6.35608230065e-10
6.52748249832e-10
6.69668665002e-10
6.86314926991e-10
7.02587324509e-10
7.18408978016e-10
7.34141162759e-10
7.49873299829e-10
7.65428975723e-10
7.80944378965e-10
7.96609026171e-10
8.11715956452e-10
8.26352323813e-10
8.40710954735e-10
8.54801466067e-10
8.68609352051e-10
8.82119817831e-10
8.95302258867e-10
9.08058039436e-10
9.20483947342e-10
9.32691014884e-10
9.44718684245e-10
9.56609001996e-10
9.68426797382e-10
9.80035969613e-10
9.91315287078e-10
1.00233803889e-09
1.01306899902e-09
1.02342900213e-09
1.03333406105e-09
1.0426977966e-09
1.05143337562e-09
1.05944245705e-09
1.06662180246e-09
1.07350722349e-09
1.08208178964e-09
1.09045433721e-09
1.09817849286e-09
1.10529718985e-09
1.11185695882e-09
1.11790785973e-09
1.12350340833e-09
1.12869977065e-09
1.13353196135e-09
1.13797842384e-09
1.14205246765e-09
1.14577107916e-09
1.14923431642e-09
1.15278766606e-09
1.15640952971e-09
1.15996846919e-09
1.16332375739e-09
1.16633545652e-09
1.16892059781e-09
1.17105167965e-09
1.17294917527e-09
1.17468798689e-09
1.17633708263e-09
1.17796716977e-09
1.17949928033e-09
1.18061294221e-09
1.18126700862e-09
1.18149461519e-09
1.18144068501e-09
1.18123150864e-09
1.18089052958e-09
1.1803415512e-09
1.17950575066e-09
1.17830166929e-09
1.17668007832e-09
1.17484665147e-09
1.17311398254e-09
1.17163739395e-09
1.17013118141e-09
1.16849293483e-09
1.16662300191e-09
1.16441882615e-09
1.16177508484e-09
1.15875748196e-09
1.15556507119e-09
1.15229499747e-09
1.14904841117e-09
1.14597418937e-09
1.1428491028e-09
1.13952040127e-09
1.13601240385e-09
1.13234965626e-09
1.12855772546e-09
1.12464594547e-09
1.1205661182e-09
1.11631946747e-09
1.1119134399e-09
1.10735555146e-09
1.10266602523e-09
1.09790587831e-09
1.09317662507e-09
1.08846379578e-09
1.08371774905e-09
1.07888762121e-09
1.07392132739e-09
1.06876586581e-09
1.06336713164e-09
1.05777793902e-09
1.05247186507e-09
1.04691815761e-09
1.04102710948e-09
1.03529561125e-09
1.03051664948e-09
1.02541978683e-09
1.02002366526e-09
1.01434869399e-09
1.00841565838e-09
1.00224568164e-09
9.95860191314e-10
9.89280891226e-10
9.82561337529e-10
9.76079888748e-10
9.69852053953e-10
9.63730789768e-10
9.57629512569e-10
9.5153739269e-10
9.45443520837e-10
9.39336914305e-10
9.33206565949e-10
9.27041471774e-10
9.20830948406e-10
9.14578450445e-10
9.083325288e-10
9.02062395128e-10
8.95776040894e-10
8.89566147584e-10
8.83532135514e-10
8.77638927579e-10
8.71783564718e-10
8.65926985503e-10
8.60036686106e-10
8.54079540699e-10
8.48021810336e-10
8.41829336411e-10
8.3547619749e-10
8.28944482734e-10
8.22221291987e-10
8.16440621798e-10
8.10729643804e-10
8.04861305507e-10
7.98858213531e-10
7.92785084948e-10
7.86715069264e-10
7.80654122595e-10
7.74606945135e-10
7.68578281183e-10
7.62578999583e-10
7.56645368989e-10
7.50784054042e-10
7.44971497374e-10
7.39226849441e-10
7.33559921963e-10
7.2798052756e-10
7.22498498206e-10
7.17107454041e-10
7.11729080803e-10
7.0635159129e-10
7.00967612091e-10
6.95570466654e-10
6.90179497124e-10
6.84824807176e-10
6.79564280318e-10
6.74395914619e-10
6.69306961417e-10
6.64284361359e-10
6.59314733447e-10
6.54384843286e-10
6.49486157544e-10
6.44622110624e-10
6.39770823792e-10
6.34905937836e-10
6.30002181794e-10
6.2516438445e-10
6.20550682245e-10
6.16111982271e-10
6.11788150638e-10
6.07517683506e-10
6.03237632953e-10
5.98883559888e-10
5.94389517928e-10
5.89895529132e-10
5.85631485796e-10
5.81600846804e-10
5.77880810067e-10
5.74389678597e-10
5.70870598835e-10
5.67277660421e-10
5.63632386174e-10
5.59956808447e-10
5.5627386638e-10
5.52607079144e-10
5.48980568055e-10
5.45418205456e-10
5.41929123768e-10
5.38526444601e-10
5.35227771479e-10
5.32039840447e-10
5.28960931745e-10
5.25991502044e-10
5.23125679514e-10
5.20357272067e-10
5.1768054195e-10
5.15089416484e-10
5.12577191971e-10
5.10137049755e-10
5.07784890715e-10
5.05527184222e-10
5.03353829917e-10
5.01291852245e-10
4.99343689201e-10
4.97497866398e-10
4.95742307995e-10
4.94077679789e-10
4.92510007998e-10
4.91027048022e-10
4.89615352743e-10
4.88263218483e-10
4.8722637052e-10
4.86325425816e-10
4.85497650425e-10
4.84820136086e-10
4.842992517e-10
4.83927025764e-10
4.83694834067e-10
4.83593514545e-10
4.83613353863e-10
4.83757909111e-10
4.84036233261e-10
4.84438699474e-10
4.84939305108e-10
4.85513477173e-10
4.86283597479e-10
4.87604912185e-10
4.89344080966e-10
4.912659379e-10
4.93320549128e-10
4.95535017248e-10
4.97938611784e-10
5.00562990685e-10
5.03442717262e-10
5.06632088514e-10
5.10214763432e-10
5.1424108538e-10
5.18716004025e-10
5.2359991475e-10
5.28913370489e-10
5.34679811854e-10
5.40924978668e-10
5.47677173773e-10
5.5496756424e-10
5.6283052617e-10
5.71306741344e-10
5.80500897962e-10
5.9048497307e-10
6.01309461705e-10
6.13099253276e-10
6.25967467435e-10
6.39985743582e-10
6.55234213033e-10
6.7180283555e-10
6.89881127838e-10
7.09706147575e-10
7.31489579756e-10
7.55364883363e-10
7.81455125441e-10
8.10018285361e-10
8.41357017485e-10
8.75909936351e-10
9.14137772102e-10
9.56560523946e-10
1.00406849034e-09
1.05750053352e-09
1.11772975903e-09
1.1857978271e-09
1.26294483616e-09
1.3506569113e-09
1.45078706891e-09
1.56565410267e-09
1.69812126125e-09
1.8519135665e-09
2.03132523354e-09
2.24140805681e-09
2.48798197715e-09
2.77733356814e-09
3.11532440794e-09
3.50504005101e-09
3.94297001436e-09
4.41182467857e-09
4.87069656528e-09
5.24790265292e-09
5.45010953845e-09
5.39951947891e-09
5.07966267574e-09
4.55458196061e-09
3.93202592738e-09
3.30919388214e-09
2.74526808039e-09
2.26340534172e-09
1.86465509931e-09
1.54064881266e-09
1.2791947695e-09
1.0684051189e-09
8.97757742664e-10
7.5858382065e-10
6.44455162393e-10
5.50315944308e-10
4.72225528977e-10
4.07235778486e-10
3.52812603634e-10
3.06908398897e-10
2.67976999973e-10
2.34808658806e-10
2.06429683006e-10
1.82051851959e-10
1.61029537736e-10
1.42830700709e-10
1.27028357972e-10
1.13259957005e-10
1.01215479917e-10
9.06445073746e-11
8.13381126349e-11
7.31210304848e-11
6.58456055424e-11
5.9386935975e-11
5.36390351805e-11
4.851187306e-11
4.39346516431e-11
3.98422651135e-11
3.61768744239e-11
3.28874235173e-11
2.9929463619e-11
2.72646047494e-11
2.48615700308e-11
2.26915699176e-11
2.0728645717e-11
1.89500919261e-11
1.73360046372e-11
1.58692494476e-11
1.45376783242e-11
1.3328159243e-11
1.22280022676e-11
1.12259845003e-11
1.03121636349e-11
9.47771749999e-12
8.71480564665e-12
8.01644968488e-12
7.37642960442e-12
6.78920366095e-12
6.2505964508e-12
5.75706824385e-12
5.30534074245e-12
4.89149941427e-12
4.51194267216e-12
4.16344342636e-12
3.84310721847e-12
3.54833542547e-12
3.27679583327e-12
3.02640819167e-12
2.79547918714e-12
2.58278847167e-12
2.38663014437e-12
2.20574905781e-12
2.03922955856e-12
1.88564010286e-12
1.74376430825e-12
1.61284281639e-12
1.49228363374e-12
1.38121670532e-12
1.27870604285e-12
1.18361277239e-12
1.0952849937e-12
1.01316294064e-12
9.36739235279e-13
8.66294369515e-13
8.01813709923e-13
7.42515757969e-13
6.87718224176e-13
6.36834344411e-13
5.8950817226e-13
5.45537827069e-13
5.04733259374e-13
4.66970690508e-13
4.32124967583e-13
4.0001175561e-13
3.70451051366e-13
3.43109398861e-13
3.17744876066e-13
2.94206767586e-13
2.72370065598e-13
2.52125474415e-13
2.33351083287e-13
