0.000343432961266
0.000321344282969
0.000301002206358
0.000282237423801
0.000264822762955
0.000248636883523
0.000233601291298
0.000219613360182
0.000206588648549
0.000194456280293
0.000183179907574
0.000172698039862
0.000162934265257
0.000153825313798
0.000145315277631
0.000137342572358
0.000129871574725
0.000122878124513
0.000116328604048
0.00011018795823
0.000104424335878
9.90086625894e-05
9.3913889812e-05
8.91215447065e-05
8.46143437438e-05
8.0373281332e-05
7.63807294064e-05
7.26226353081e-05
6.90821651907e-05
6.57420678085e-05
6.25890374618e-05
5.96100010967e-05
5.6792710795e-05
5.41259105837e-05
5.15995935016e-05
4.92050635455e-05
4.693324716e-05
4.47757350894e-05
4.27289923366e-05
4.08102492361e-05
3.89923816997e-05
3.72645749805e-05
3.56220890847e-05
3.40604569531e-05
3.25754675211e-05
3.1163149857e-05
2.9819681961e-05
2.85411010404e-05
2.73235913876e-05
2.61639599672e-05
2.50592407459e-05
2.4007123057e-05
2.30073229395e-05
2.20576352341e-05
2.11543410547e-05
2.02939455766e-05
1.94732361112e-05
1.86893038146e-05
1.79399821272e-05
1.72245033253e-05
1.65413742179e-05
1.58891727483e-05
1.52665157505e-05
1.46714892602e-05
1.41014203398e-05
1.35549071794e-05
1.30308036436e-05
1.25282624441e-05
1.20481302559e-05
1.1589971376e-05
1.11522189234e-05
1.07334255455e-05
1.03322540461e-05
9.94752524556e-06
9.5785982464e-06
9.22533857542e-06
8.88734609808e-06
8.56374684761e-06
8.25364349946e-06
7.9561114122e-06
7.67028888897e-06
7.39537289673e-06
7.13096114911e-06
6.87692870934e-06
6.63294372472e-06
6.39869505897e-06
6.17419552496e-06
5.95870321818e-06
5.75160296495e-06
5.55262475595e-06
5.36149871959e-06
5.17796729895e-06
5.00169700603e-06
4.83208809646e-06
4.66882455498e-06
4.51163614387e-06
4.3602657002e-06
4.21447034476e-06
4.07403472695e-06
3.93884317841e-06
3.80864555613e-06
3.6831648069e-06
3.56213959077e-06
3.44532335927e-06
3.33248928077e-06
3.22342424468e-06
3.11827895293e-06
3.01853022986e-06
2.92228657783e-06
2.82907404123e-06
2.73925537594e-06
2.65341491689e-06
2.5702571225e-06
2.48971429444e-06
2.41172151084e-06
2.33621535576e-06
2.26313389669e-06
2.19241666037e-06
2.12400460693e-06
2.05786109751e-06
1.9941631162e-06
1.93284525145e-06
1.87378098785e-06
1.81690795109e-06
1.76209968027e-06
1.70923280956e-06
1.6581909666e-06
1.60886439438e-06
1.56114958269e-06
1.5149497012e-06
1.4701987151e-06
1.42693192327e-06
1.38509834831e-06
1.34467084344e-06
1.30566459077e-06
1.26809419994e-06
1.23187998152e-06
1.19684652919e-06
1.16292510316e-06
1.13006077613e-06
1.098201122e-06
1.06729609301e-06
1.03729911359e-06
1.00816795516e-06
9.7985995053e-07
9.52343720855e-07
9.26089636176e-07
9.00670922225e-07
8.75963047634e-07
8.51953598532e-07
8.28675166462e-07
8.06167538329e-07
7.84394334655e-07
7.63318847267e-07
7.42906151556e-07
7.23124114203e-07
7.03946360335e-07
6.85341901017e-07
6.67289479021e-07
6.49800919435e-07
6.32870367827e-07
6.16491751967e-07
6.00658828325e-07
5.85351176524e-07
5.70489265597e-07
5.56066970363e-07
5.42060116258e-07
5.28449293457e-07
5.15227735734e-07
5.02391254725e-07
4.89944236961e-07
4.77874693596e-07
4.66168307786e-07
4.54811281682e-07
4.43790314488e-07
4.33093294833e-07
4.22712880944e-07
4.12648761367e-07
4.02883745799e-07
3.93398771929e-07
3.84175997749e-07
3.7523103754e-07
3.66591131954e-07
3.58230188555e-07
3.50120802226e-07
3.42236735198e-07
3.34552846159e-07
3.27045024402e-07
3.19690128742e-07
3.12578205261e-07
3.05756009585e-07
2.99156809207e-07
2.92796689787e-07
2.86654383008e-07
2.80665425146e-07
2.74814783733e-07
2.69105145426e-07
2.63538974109e-07
2.58119414833e-07
2.52849473476e-07
2.47732033828e-07
2.42769432791e-07
2.37956293416e-07
2.33289521828e-07
2.28768211372e-07
2.24388623175e-07
2.20145927842e-07
2.16035955912e-07
2.12052241495e-07
2.08190022038e-07
2.04445662377e-07
2.00815377763e-07
1.97294736494e-07
1.93879492409e-07
1.90574221511e-07
1.87379720113e-07
1.84290067766e-07
1.81304517444e-07
1.7841951316e-07
1.75630031735e-07
1.7293090754e-07
1.7031846987e-07
1.67789645071e-07
1.65339311473e-07
1.62961597793e-07
1.60652164976e-07
1.58494568103e-07
1.56427559448e-07
1.54427859899e-07
1.52506120336e-07
1.50662809502e-07
1.48896514018e-07
1.47205849805e-07
1.45589510299e-07
1.4404627699e-07
1.4257631396e-07
1.41180474686e-07
1.39857929439e-07
1.3860316157e-07
1.37411589955e-07
1.36299039008e-07
1.35311801479e-07
1.34431413083e-07
1.33624893051e-07
1.32884853417e-07
1.32215010294e-07
1.31619367316e-07
1.3110225078e-07
1.30668640356e-07
1.30329692958e-07
1.30094549336e-07
1.29969449558e-07
1.29954906314e-07
1.30046033224e-07
1.30246446598e-07
1.30560397446e-07
1.30992719048e-07
1.31548894315e-07
1.32235133717e-07
1.33058465692e-07
1.34027460434e-07
1.35165250971e-07
1.36487279612e-07
1.38004148673e-07
1.39734382415e-07
1.41695982571e-07
1.43904148066e-07
1.46376374069e-07
1.49132851291e-07
1.52215921859e-07
1.55678701372e-07
1.5956956274e-07
1.63921155189e-07
1.68766205293e-07
1.74168540597e-07
1.80203836393e-07
1.86969842338e-07
1.94578440773e-07
2.03162703687e-07
2.12915753376e-07
2.24047075669e-07
2.36799886621e-07
2.51476411595e-07
2.68454161766e-07
2.88215809359e-07
3.11369321468e-07
3.38720558168e-07
3.71334871018e-07
4.10655990919e-07
4.58611463164e-07
5.17839906614e-07
5.92019703269e-07
6.86361758993e-07
8.08364309949e-07
9.68924760455e-07
1.18414112301e-06
1.47765852527e-06
1.88165938895e-06
2.42105667957e-06
3.0113990148e-06
3.24655289713e-06
2.79318979943e-06
2.07289364285e-06
1.48086063955e-06
1.06633282604e-06
7.82596211161e-07
5.86121415626e-07
4.47455458879e-07
3.47683529642e-07
2.74502319516e-07
2.19841954571e-07
1.78295196681e-07
1.46183657075e-07
1.2101692791e-07
1.01043946399e-07
8.50163464186e-08
7.20513977113e-08
6.14617509856e-08
5.27254766397e-08
4.54606935713e-08
3.93789813276e-08
3.42565956359e-08
2.99182186047e-08
2.62246571486e-08
2.30648353901e-08
2.0350315135e-08
1.80083111749e-08
1.59783528731e-08
1.42122187804e-08
1.26702494753e-08
1.13195934061e-08
1.01328928326e-08
9.08725077775e-09
8.16342901302e-09
7.34520157032e-09
6.61923457596e-09
5.97386437486e-09
5.39905298764e-09
4.8860395017e-09
4.42725426573e-09
4.0161824538e-09
3.64732611241e-09
3.31581721617e-09
3.01737195153e-09
2.74825871382e-09
2.50521887856e-09
2.28542541675e-09
2.08664248296e-09
1.90672016177e-09
1.74365704775e-09
1.59568782301e-09
1.46125249708e-09
1.33897005272e-09
1.22761580816e-09
1.12610192293e-09
1.03346057087e-09
9.48832013704e-10
8.71513188769e-10
8.00894649115e-10
7.36396714079e-10
6.77434641305e-10
6.23479069595e-10
5.74056151721e-10
5.2874124331e-10
4.87153369142e-10
4.4895178755e-10
4.1383845287e-10
3.81558960316e-10
3.51921560358e-10
3.24678443866e-10
2.99626075581e-10
2.76596410472e-10
2.55393481878e-10
2.35846163255e-10
2.17833952125e-10
2.01272279119e-10
1.86042595446e-10
1.72017899008e-10
1.59044281091e-10
1.47032194837e-10
1.35904194796e-10
1.25589676027e-10
1.16081899081e-10
1.07353148892e-10
9.93182301697e-11
9.19018090435e-11
8.50374175234e-11
7.86761112925e-11
7.27837664613e-11
6.73292546289e-11
6.22874964623e-11
5.76343682062e-11
5.33426511038e-11
4.93865475224e-11
4.5728017372e-11
4.23378550164e-11
3.91954493627e-11
3.62835004699e-11
3.35867792852e-11
3.10887028847e-11
