7.63843901666e-05
7.03156359711e-05
6.47849955613e-05
5.97417239181e-05
5.51347532221e-05
5.09261773742e-05
4.70812640059e-05
4.35624861541e-05
4.03346566798e-05
3.73682887058e-05
3.46542838441e-05
3.2171202033e-05
2.98908296894e-05
2.77995798061e-05
2.58855794787e-05
2.41125179398e-05
2.24715533042e-05
2.09560120402e-05
1.95554984179e-05
1.82601672259e-05
1.7061119825e-05
1.5950022538e-05
1.49182850208e-05
1.39608612184e-05
1.30731485975e-05
1.22499684662e-05
1.14865366161e-05
1.07785760519e-05
1.01201574587e-05
9.50634951509e-06
8.93442988475e-06
8.4009436405e-06
7.90246627682e-06
7.43592876103e-06
6.99858696145e-06
6.58799033851e-06
6.20190826551e-06
5.83833234708e-06
5.49858983478e-06
5.18929443689e-06
4.89957921739e-06
4.6263592914e-06
4.36883370806e-06
4.12622931514e-06
3.89780124006e-06
3.68283308856e-06
3.48063574334e-06
3.29047906769e-06
3.11150924942e-06
2.94303749095e-06
2.78442723755e-06
2.63525011638e-06
2.49553600985e-06
2.36453259587e-06
2.24139188683e-06
2.12535156799e-06
2.01574188735e-06
1.9120625808e-06
1.8139266959e-06
1.72130019419e-06
1.63394567611e-06
1.55162134677e-06
1.47409247417e-06
1.40095558276e-06
1.33158096436e-06
1.26572097851e-06
1.20322442573e-06
1.14405195179e-06
1.08808164073e-06
1.03512204143e-06
9.84935239209e-07
9.37304411745e-07
8.9203186978e-07
8.48962992045e-07
8.08135719222e-07
7.69625980281e-07
7.33377396698e-07
6.99052044004e-07
6.66478886749e-07
6.35509466385e-07
6.06009070614e-07
5.77855512392e-07
5.51013928318e-07
5.25507101512e-07
5.01307228232e-07
4.78384697252e-07
4.56718993666e-07
4.36141612501e-07
4.16533621299e-07
3.97853055936e-07
3.80059542365e-07
3.63114406281e-07
3.46976507272e-07
3.31593629389e-07
3.16928470726e-07
3.02947020741e-07
2.89616940111e-07
2.76910899199e-07
2.64812877274e-07
2.53313799712e-07
2.42377371405e-07
2.31962511664e-07
2.22031337532e-07
2.12548911874e-07
2.03483046785e-07
1.94804066547e-07
1.86498267354e-07
1.786050168e-07
1.71036852737e-07
1.63770220173e-07
1.56870691682e-07
1.5043932901e-07
1.44255247852e-07
1.38311137101e-07
1.32599965412e-07
1.27114769004e-07
1.2184866096e-07
1.16794840229e-07
1.11946600322e-07
1.07301055587e-07
1.02891785758e-07
9.87070917786e-08
9.47174403486e-08
9.0901561918e-08
8.72507419475e-08
8.37568908496e-08
8.04123824275e-08
7.72100275005e-08
7.41430474277e-08
7.12050626816e-08
6.83907809882e-08
6.56969499127e-08
6.31153206948e-08
6.06411489171e-08
5.82757534403e-08
5.60202693235e-08
5.38668606164e-08
5.18049955086e-08
4.98280616872e-08
4.79302414937e-08
4.61061153356e-08
4.43506356146e-08
4.26591104595e-08
4.10276941924e-08
3.94532968001e-08
3.79331926465e-08
3.65221128411e-08
3.51707242433e-08
3.38654873864e-08
3.26057949085e-08
3.13922547114e-08
3.02255189099e-08
2.91041128121e-08
2.80265696874e-08
2.69914660082e-08
2.59976663109e-08
2.50450500169e-08
2.41322659457e-08
2.32564409129e-08
2.24161570109e-08
2.16100546085e-08
2.08368231973e-08
2.00952001872e-08
1.93835941792e-08
1.86988851034e-08
1.80396931838e-08
1.74047668533e-08
1.67929384867e-08
1.62038192695e-08
1.56372863861e-08
1.50938349619e-08
1.45723896415e-08
1.40716740441e-08
1.35904817712e-08
1.31276723905e-08
1.26821743064e-08
1.22530472738e-08
1.18395725248e-08
1.1440696642e-08
1.10553716793e-08
1.06826432824e-08
1.03240818209e-08
9.98211424565e-09
9.65511625882e-09
9.34138736865e-09
9.03933630746e-09
8.74747368513e-09
8.46440561812e-09
8.18882828798e-09
7.92199284041e-09
7.66707766105e-09
7.42426056395e-09
7.19406588613e-09
6.97463332514e-09
6.76190212538e-09
6.55509064103e-09
6.35428137592e-09
6.15954407974e-09
5.97094366859e-09
5.78853448497e-09
5.61236117084e-09
5.4424506954e-09
5.27867376664e-09
5.12094508965e-09
4.96921888481e-09
4.82332728887e-09
4.68301398936e-09
4.54806071206e-09
4.41821407577e-09
4.29321235274e-09
4.17281187303e-09
4.05677778406e-09
3.94487949444e-09
3.83689721687e-09
3.73277501672e-09
3.63238978737e-09
3.53551938592e-09
3.44227218928e-09
3.35253619953e-09
3.26608945745e-09
3.18271738258e-09
3.1023172877e-09
3.02483192519e-09
2.95006728858e-09
2.87782874863e-09
2.80794613718e-09
2.74176039937e-09
2.67810590903e-09
2.61654483368e-09
2.55749567997e-09
2.50088653701e-09
2.44655593464e-09
2.39434770509e-09
2.34411096498e-09
2.29569971947e-09
2.24905221115e-09
2.20414002986e-09
2.1608317294e-09
2.11892356131e-09
2.07823175039e-09
2.03934255312e-09
2.00397118849e-09
1.97125905261e-09
1.93993920096e-09
1.90971659923e-09
1.88066554822e-09
1.8528624201e-09
1.82638616078e-09
1.8013215736e-09
1.77784519633e-09
1.75619580366e-09
1.73648098778e-09
1.71862218538e-09
1.70236904103e-09
1.68771192086e-09
1.67464966356e-09
1.66318663094e-09
1.65333308999e-09
1.6451056686e-09
1.63852789733e-09
1.63363942845e-09
1.63067443e-09
1.62974816137e-09
1.63090124232e-09
1.63441567459e-09
1.64051607008e-09
1.64927449213e-09
1.66078091625e-09
1.6751459245e-09
1.69275279351e-09
1.71409658381e-09
1.73957685104e-09
1.76935866699e-09
1.8035734798e-09
1.84270590297e-09
1.88734139383e-09
1.93843368778e-09
1.99695219873e-09
2.06398546377e-09
2.14147643846e-09
2.23125943803e-09
2.3352970286e-09
2.45602461925e-09
2.5964733017e-09
2.76053182445e-09
2.95319622916e-09
3.18109461437e-09
3.45302122729e-09
3.78129424779e-09
4.18190237211e-09
4.67655253791e-09
5.29540201506e-09
6.08100981573e-09
7.09434954087e-09
8.42339392922e-09
1.01974040315e-08
1.26047844597e-08
1.58983244163e-08
2.02593536865e-08
2.49564542171e-08
2.66513331201e-08
2.2717318892e-08
1.67050414434e-08
1.18256501254e-08
8.43805344752e-09
6.13626901357e-09
4.5532918535e-09
3.44353166946e-09
2.65108528989e-09
2.07432778704e-09
1.64688736391e-09
1.32432474198e-09
1.07653804877e-09
8.8353357743e-10
7.31311555879e-10
6.09936401295e-10
5.12453421993e-10
4.33391460965e-10
3.68603167434e-10
3.15088899425e-10
2.70596776976e-10
2.33385590804e-10
2.020955325e-10
1.75652825775e-10
1.53201183254e-10
1.34063572822e-10
1.17681319859e-10
1.03588589664e-10
9.14178405948e-11
8.08687802193e-11
7.16941658292e-11
6.36893517106e-11
5.66841057616e-11
5.05362304534e-11
4.51267000889e-11
4.03621399813e-11
3.61585225742e-11
3.24427311389e-11
2.91509043307e-11
2.62281362027e-11
2.36275683511e-11
2.13106295019e-11
1.92428770855e-11
1.7393957174e-11
1.57376364437e-11
1.42511871671e-11
1.29152145308e-11
1.17157888967e-11
1.06383410457e-11
9.66896360359e-12
8.79549603947e-12
8.00728556719e-12
7.29498360875e-12
6.6503720972e-12
6.06621488857e-12
5.5361303604e-12
5.05451643293e-12
4.61700303872e-12
4.21991449354e-12
3.85982490659e-12
3.53291639525e-12
3.23573137661e-12
2.96520490229e-12
2.71861700979e-12
2.49355126212e-12
2.28787858176e-12
2.09982085386e-12
1.92781891864e-12
1.7707567578e-12
1.62710624386e-12
1.49567761229e-12
1.37554488868e-12
1.26550833766e-12
1.16453324076e-12
1.07194349151e-12
9.8730816208e-13
9.09920344625e-13
8.39018081333e-13
7.73661428199e-13
7.13342274737e-13
6.57629402606e-13
6.06133150186e-13
5.58872507452e-13
5.15719455431e-13
4.76173954269e-13
4.39800846819e-13
4.06225980078e-13
3.75210622408e-13
3.46577682407e-13
3.20156860093e-13
2.95810023286e-13
2.73405644286e-13
2.52798204396e-13
2.33852053969e-13
2.16376446338e-13
2.00221112795e-13
1.85277508833e-13
1.7145971535e-13
1.58694993343e-13
1.46896669221e-13
3.04028173868e-10
3.2274162054e-10
3.42127139947e-10
3.62187738514e-10
3.82815690244e-10
4.04006221885e-10
4.2579870884e-10
4.48180353399e-10
4.7114066294e-10
4.94672940492e-10
5.18809912632e-10
5.43558350543e-10
5.68896810596e-10
5.94822534538e-10
6.21334847828e-10
6.48368458987e-10
6.75921510012e-10
7.0400956004e-10
7.326264355e-10
7.6175818407e-10
7.91389922774e-10
8.21503309395e-10
8.52068836208e-10
8.83085683391e-10
9.14561186922e-10
9.46491958656e-10
9.78875085581e-10
1.0117160825e-09
1.04498485293e-09
1.07864614119e-09
1.11268951462e-09
1.14709079045e-09
1.18181965513e-09
1.2168435114e-09
1.25213408399e-09
1.2876729318e-09
1.32341933201e-09
1.35932815871e-09
1.39548260402e-09
1.43229795008e-09
1.46936105393e-09
1.50655306228e-09
1.5438687903e-09
1.58130482586e-09
1.6188596275e-09
1.65653362222e-09
1.69432585961e-09
1.73221647218e-09
1.77017191847e-09
1.80818156549e-09
1.84623745943e-09
1.88435524486e-09
1.92262934781e-09
1.96105827553e-09
1.99959125286e-09
2.03817108818e-09
2.07673654619e-09
2.11522856086e-09
2.15360791603e-09
2.19192143595e-09
2.23018696132e-09
2.26842391525e-09
2.3066542083e-09
2.34483263047e-09
2.38279647146e-09
2.42050549615e-09
2.45794991521e-09
2.49516717064e-09
2.53227830546e-09
2.56931740431e-09
2.60622286452e-09
2.64292916894e-09
2.67936679542e-09
2.7154787406e-09
2.7513453461e-09
2.78713444739e-09
2.82292411973e-09
2.85853743883e-09
2.89391220866e-09
2.92898233256e-09
2.96367700144e-09
2.99792055239e-09
3.031717998e-09
3.06516249576e-09
3.0983122176e-09
3.13123271592e-09
3.16404987846e-09
3.1965945598e-09
3.2287544925e-09
3.26056013483e-09
3.29204414974e-09
3.32324423043e-09
3.35416738745e-09
3.38469959264e-09
3.41482466856e-09
3.44453944544e-09
3.4738413652e-09
3.50273104723e-09
3.53122266876e-09
3.55937798758e-09
3.58717185617e-09
3.61455107023e-09
3.64145915355e-09
3.66783627294e-09
3.69362070873e-09
3.71874741735e-09
3.74336548341e-09
3.76857725911e-09
3.79328400415e-09
3.81722403748e-09
3.84092098722e-09
3.86526534041e-09
3.88883960738e-09
3.91165495849e-09
3.93372614681e-09
3.95506992819e-09
3.97570510907e-09
3.99565259349e-09
4.01493542929e-09
4.03362413217e-09
4.05227203969e-09
4.07094490141e-09
4.08946162056e-09
4.10771322962e-09
4.12566987874e-09
4.14329785121e-09
4.16056173459e-09
4.17742441591e-09
4.19384706375e-09
4.2097910185e-09
4.22525387552e-09
4.24036235042e-09
4.25508039892e-09
4.26946773262e-09
4.28370677732e-09
4.29799023258e-09
4.31226825184e-09
4.32623176297e-09
4.33980480732e-09
4.35293515754e-09
4.36556752405e-09
4.37764346213e-09
4.38910323843e-09
4.39989091931e-09
4.40994502272e-09
4.41923687125e-09
4.42999067804e-09
4.44051925004e-09
4.45035941653e-09
4.45955688134e-09
4.46831297504e-09
4.47687410776e-09
4.48523681098e-09
4.49338760741e-09
4.50131239531e-09
4.50900462761e-09
4.51649034901e-09
4.52375148998e-09
4.53072796401e-09
4.53753861762e-09
4.54426573729e-09
4.55099453402e-09
4.55781327836e-09
4.56472882699e-09
4.57137441392e-09
4.57777665862e-09
4.58389682208e-09
4.58970716083e-09
4.59526621548e-09
4.60065353894e-09
4.60600705944e-09
4.61133608024e-09
4.6166263873e-09
4.62186248581e-09
4.62702754608e-09
4.6321102182e-09
4.63713438468e-09
4.64216564933e-09
4.6471381714e-09
4.65196192643e-09
4.65654772854e-09
4.6612221265e-09
4.66646360036e-09
4.67210117339e-09
4.67792323178e-09
4.68370696141e-09
4.6892178529e-09
4.694209203e-09
4.69842161369e-09
4.70291235139e-09
4.70853881641e-09
4.71478958048e-09
4.72208041307e-09
4.73020557747e-09
4.73815388089e-09
4.74571677437e-09
4.75300158941e-09
4.76012006389e-09
4.767199845e-09
4.77437508316e-09
4.78178676446e-09
4.78957472667e-09
4.79774198072e-09
4.80634033854e-09
4.81546661971e-09
4.82514984892e-09
4.83539553724e-09
4.84622745505e-09
4.85761396137e-09
4.86955327512e-09
4.88205927075e-09
4.89514161482e-09
4.90879748737e-09
4.92302412199e-09
4.9379956878e-09
4.95381294767e-09
4.97043744937e-09
4.98795882439e-09
5.00638844593e-09
5.02569221159e-09
5.04582811043e-09
5.06679836264e-09
5.08862238806e-09
5.11124561877e-09
5.13458861592e-09
5.1586019614e-09
5.18577421766e-09
5.21449775827e-09
5.2441765031e-09
5.27526971521e-09
5.30788922598e-09
5.34207925704e-09
5.37788348923e-09
5.41534664354e-09
5.45451487717e-09
5.49549448013e-09
5.53842360968e-09
5.58336428755e-09
5.63018932849e-09
5.67880454664e-09
5.73002823651e-09
5.78614351705e-09
5.84654600551e-09
5.90985770639e-09
5.97584418664e-09
6.0448070554e-09
6.11707569801e-09
6.19301031364e-09
6.27301587604e-09
6.35776902924e-09
6.44794961522e-09
6.54410953419e-09
6.64649643995e-09
6.75504799645e-09
6.87017545724e-09
6.99233574894e-09
7.12202998774e-09
7.2598088051e-09
7.40627844157e-09
7.56210773772e-09
7.7280700768e-09
7.90577089929e-09
8.09644735476e-09
8.30110068672e-09
8.52127113635e-09
8.75849850446e-09
9.01415387914e-09
9.28977056854e-09
9.58707016327e-09
9.90919443583e-09
1.02601031914e-08
1.06435756167e-08
1.10623010459e-08
1.15188711807e-08
1.20180116025e-08
1.25652390034e-08
1.31676253921e-08
1.38330986416e-08
1.45708726652e-08
1.53942531958e-08
1.63172318701e-08
1.73554558578e-08
1.85277009726e-08
1.98564423998e-08
2.13690951692e-08
2.30985057745e-08
2.50858932103e-08
2.73821546137e-08
3.00515752252e-08
3.31704090296e-08
3.68294289562e-08
4.1134138835e-08
4.62001394862e-08
5.21384780008e-08
5.90177722065e-08
6.67965357624e-08
7.51971799852e-08
8.35307657074e-08
9.05606783714e-08
9.46392013456e-08
9.43378500029e-08
8.92875541263e-08
8.05385667622e-08
6.99455681691e-08
5.92188170762e-08
4.94241082048e-08
4.09991023182e-08
3.3987090874e-08
2.82547868479e-08
2.36013581452e-08
1.98272889008e-08
1.67555418152e-08
1.42393699863e-08
1.21669586922e-08
1.04499541889e-08
9.01933068575e-09
7.82386372386e-09
6.81863495281e-09
5.96688835719e-09
5.2410779983e-09
4.61973859769e-09
4.08554344971e-09
3.62442635053e-09
3.22484482351e-09
2.87730145536e-09
2.57405985591e-09
2.30853049808e-09
2.07504497611e-09
1.86907424041e-09
1.68682911273e-09
1.52511782968e-09
1.38124035186e-09
1.25290328349e-09
1.13815358476e-09
1.03532415617e-09
9.43066822993e-10
8.60162089166e-10
7.85537419315e-10
7.18238407095e-10
6.57429740115e-10
6.02385615038e-10
5.52492920048e-10
5.07200267613e-10
4.66016056632e-10
4.28508242315e-10
3.9429627188e-10
3.63049745007e-10
3.34528759115e-10
3.08481940821e-10
2.84664057201e-10
2.62857096402e-10
2.42866913869e-10
2.24520335177e-10
2.07662647303e-10
1.92155421273e-10
1.77874618202e-10
1.64709452592e-10
1.52573035991e-10
1.41393383925e-10
1.31100675475e-10
1.21615541833e-10
1.12864916653e-10
1.04782991174e-10
9.73104346515e-11
9.03937060453e-11
8.39847965276e-11
7.80424126267e-11
7.25331828191e-11
6.74370577093e-11
6.27160478466e-11
5.83404843532e-11
5.4287723109e-11
5.0526487787e-11
4.70293930361e-11
4.3780324187e-11
4.07733478137e-11
3.79912191447e-11
3.54124852702e-11
3.30058330776e-11
3.07573036702e-11
2.8655307648e-11
2.6689200245e-11
2.48630545192e-11
2.31757479601e-11
2.16118240106e-11
2.01575025188e-11
1.88007123226e-11
1.75339840169e-11
1.63520333062e-11
1.52498394524e-11
1.42234582608e-11
1.32690663273e-11
1.23821784887e-11
1.15585106512e-11
1.07910624127e-11
1.00744426736e-11
9.404965434e-12
8.77986749702e-12
8.19688005659e-12
7.652918251e-12
