0.0334706860507
0.0296085318864
0.026240852859
0.0232988347251
0.0207209739791
0.0184591256801
0.0164723401992
0.0147229281892
0.0131782307332
0.011811142603
0.0106049034361
0.00953969901082
0.00859521941735
0.00775750580228
0.00701454563949
0.00634915926058
0.0057532578822
0.00522014007115
0.00474256474983
0.00431407692074
0.00392904717553
0.0035825006609
0.00326987948823
0.00298786612072
0.00273347787214
0.0025038134749
0.00229629503788
0.00210867175689
0.00193854584377
0.00178389370573
0.00164326345673
0.00151519360511
0.0013983432523
0.00129153469195
0.00119373455057
0.00110403609748
0.00102162985241
0.000945799405349
0.000876366527831
0.000814100711105
0.000756951798931
0.000704185359133
0.000655461755758
0.000610467673173
0.000568914140384
0.000530534685911
0.000495083188037
0.000462323841154
0.000432022470688
0.000403978688919
0.000378010603441
0.000353974240029
0.000331796145497
0.000311308421122
0.000292334879994
0.000274719371286
0.00025832526501
0.000243041740547
0.000228780251268
0.00021549943113
0.000203134127231
0.00019162225634
0.000180905760606
0.00017091199805
0.000161548559215
0.000152766551148
0.000144528539794
0.00013680929623
0.000129586543936
0.000122827622591
0.000116492360449
0.000110544484433
0.000104951208325
9.9685036901e-05
9.47361192603e-05
9.01009480708e-05
8.57654679284e-05
8.16934605031e-05
7.78613333546e-05
7.42478363879e-05
7.08337850649e-05
6.76018479678e-05
6.45436825897e-05
6.16565630939e-05
5.89331079077e-05
5.6366211876e-05
5.39512260576e-05
5.16705412024e-05
4.95108187706e-05
4.74656827818e-05
4.55290952724e-05
4.36953931357e-05
4.1958603121e-05
4.03110085511e-05
3.87473027227e-05
3.72627423168e-05
3.58528819517e-05
3.45137732644e-05
3.32424066094e-05
3.2036850479e-05
3.08928795573e-05
2.98059164367e-05
2.87717411171e-05
2.77864594378e-05
2.68465001853e-05
2.59485672134e-05
2.50922163048e-05
2.42869463119e-05
2.35177819882e-05
2.27806474642e-05
2.20810294333e-05
2.14276767607e-05
2.08009305983e-05
2.01998639056e-05
1.96236056316e-05
1.90713209749e-05
1.85422107071e-05
1.80355105473e-05
1.75504905892e-05
1.70867813674e-05
1.66473026293e-05
1.62311296402e-05
1.58360104944e-05
1.54605406058e-05
1.51036124635e-05
1.47641662871e-05
1.44412046038e-05
1.4133788084e-05
1.3841031457e-05
1.35621054405e-05
1.32964390007e-05
1.30442708583e-05
1.28049884524e-05
1.25783499916e-05
1.23648058625e-05
1.2164844034e-05
1.19777567718e-05
1.18019494169e-05
1.16367949838e-05
1.1481805107e-05
1.13365257864e-05
1.12005352219e-05
1.10734512307e-05
1.09549714259e-05
1.08448344355e-05
1.07428974201e-05
1.06574414048e-05
1.05819845627e-05
1.05148966572e-05
1.04564220652e-05
1.04073776748e-05
1.03687482747e-05
1.0340668737e-05
1.03232937319e-05
1.03168247948e-05
1.03215463319e-05
1.03379294358e-05
1.03663439516e-05
1.04072050078e-05
1.04615398314e-05
1.05302747629e-05
1.06144608553e-05
1.07152927543e-05
1.08338801959e-05
1.0970387116e-05
1.11263445017e-05
1.13032373163e-05
1.15028444382e-05
1.17275221025e-05
1.19800715389e-05
1.22640001963e-05
1.25828275092e-05
1.29405751406e-05
1.3341974857e-05
1.37926197324e-05
1.42991759707e-05
1.48697517832e-05
1.5514350998e-05
1.62444509429e-05
1.70739431675e-05
1.80199271313e-05
1.91056208879e-05
2.03610149859e-05
2.18204527787e-05
2.35277276516e-05
2.55396250482e-05
2.79308016115e-05
3.08009207095e-05
3.42852952249e-05
3.85845570797e-05
4.3980769405e-05
5.08658594529e-05
5.98351921231e-05
7.17892585218e-05
8.81275121933e-05
0.000111126874809
0.000144577641592
0.000194880331949
0.000272133706315
0.000380523907429
0.000445868852008
0.000358874970498
0.000240090579554
0.000160053433112
0.000110324115608
7.87366958609e-05
5.79674007101e-05
4.38379056282e-05
3.39207299081e-05
2.67643278349e-05
2.14729485668e-05
1.74764318449e-05
1.44011890519e-05
1.1995898576e-05
1.00878061266e-05
8.55495080046e-06
7.30943249815e-06
6.28722319246e-06
5.44062443781e-06
4.73363768253e-06
4.1387797436e-06
3.63485762643e-06
3.20532468443e-06
2.83707494287e-06
2.51966390176e-06
2.24472725202e-06
2.00657947442e-06
1.79876199e-06
1.61649154454e-06
1.45618479431e-06
1.31473720395e-06
1.1895332859e-06
1.07837602693e-06
9.79411357893e-07
8.91067569824e-07
8.12015694474e-07
7.41121920385e-07
6.77400895113e-07
6.19983041374e-07
5.68124158008e-07
5.21267907187e-07
4.79038115511e-07
4.40837970427e-07
4.06109925172e-07
3.74464479193e-07
3.45594636705e-07
3.19228290465e-07
2.95123704867e-07
2.73066199005e-07
2.52874733126e-07
2.34382764285e-07
2.17433195024e-07
2.01874331535e-07
1.87562288771e-07
1.74382521763e-07
1.62232570529e-07
1.51020473591e-07
1.40663563132e-07
1.31087413636e-07
1.22224922476e-07
1.14016022194e-07
1.06416773449e-07
9.93787708203e-08
9.28533445388e-08
8.68010827709e-08
8.11839779528e-08
7.5964225906e-08
7.11077239302e-08
6.65836945109e-08
6.23720325098e-08
5.84554208466e-08
5.48128286224e-08
5.1417313313e-08
4.82432251064e-08
4.52745071883e-08
4.2496489358e-08
3.98975752711e-08
3.74657428555e-08
3.5189487763e-08
3.30634389019e-08
3.10778880187e-08
2.92217207049e-08
2.7484798626e-08
2.58577078261e-08
2.43321988757e-08
2.29001554829e-08
2.15553722881e-08
2.02924854068e-08
1.91077531018e-08
1.79962858972e-08
1.69532337091e-08
1.59740908778e-08
1.50546695701e-08
1.41910487105e-08
1.33788243837e-08
1.26143951881e-08
1.18945741726e-08
1.12164164733e-08
1.05771715473e-08
9.97496561677e-09
9.40941669268e-09
8.87788122938e-09
8.37774735645e-09
7.90662033964e-09
7.46230743656e-09
7.04320624025e-09
6.64764121074e-09
6.2740654891e-09
5.92269136706e-09
5.59261900154e-09
5.28275158029e-09
4.99105214758e-09
4.71490008959e-09
4.45338320368e-09
4.20567479199e-09
3.97120428545e-09
3.75080418275e-09
3.54339340686e-09
3.34731284174e-09
3.16177253126e-09
2.98632899443e-09
2.8205518003e-09
2.66402349991e-09
2.51628908033e-09
2.3768915342e-09
2.24548318651e-09
2.12158796421e-09
2.00458838884e-09
1.89406571428e-09
1.78963498013e-09
1.6909353402e-09
1.59762849257e-09
1.50939721715e-09
1.42594683443e-09
1.34700614927e-09
1.27241866395e-09
1.20197425259e-09
1.13545766382e-09
1.07263422333e-09
1.01327515343e-09
9.57168675173e-10
9.0415235445e-10
8.54049254913e-10
8.06679672284e-10
7.61875618671e-10
7.19480052229e-10
6.79354973668e-10
6.41457772314e-10
6.05687695384e-10
5.71913605779e-10
5.40012752837e-10
5.09870234536e-10
4.81378495179e-10
4.54436856152e-10
4.28951077499e-10
4.04832948251e-10
3.82000983673e-10
3.60407449515e-10
3.40019580341e-10
3.20795333824e-10
3.02662027596e-10
2.85548481907e-10
2.69388320131e-10
2.54119652985e-10
2.39684783895e-10
2.26030708039e-10
2.13112725733e-10
2.00898188447e-10
1.89380352277e-10
1.78508165845e-10
1.68246372923e-10
1.58572948843e-10
1.49439134362e-10
1.40802550438e-10
1.3264655614e-10
1.24975144287e-10
1.17763292734e-10
1.1097335225e-10
1.04540214268e-10
9.84399969579e-11
9.26534562308e-11
8.7162583983e-11
8.19943631469e-11
7.71593975239e-11
7.26217261193e-11
6.83488216354e-11
6.43116615091e-11
6.04933778219e-11
5.68855322769e-11
5.34801936945e-11
5.02728049865e-11
4.72584625452e-11
4.44286721945e-11
4.17748770224e-11
3.9276956601e-11
3.69204147637e-11
3.46968263071e-11
3.2600095893e-11
3.0625331913e-11
2.87651151367e-11
