0.0325345624618
0.028733326753
0.0254216862664
0.0225312933769
0.0200012332594
0.0177837061341
0.0158380050418
0.0141267383303
0.0126175010994
0.0112834009153
0.0101077686324
0.00907096497687
0.00815290444942
0.00733979219909
0.00661976025822
0.00597584126192
0.00540004042172
0.00488572010043
0.00442573310122
0.00401372074974
0.00364414113357
0.00331209983228
0.00301311585795
0.00274392123819
0.0025015793266
0.00228324052949
0.00208637489437
0.00190877045842
0.00174807906951
0.0016023257093
0.00147009296519
0.00134995524315
0.00124060581853
0.00114089826418
0.00104982699441
0.000966509445618
0.000890160976556
0.000820088120606
0.000756115965162
0.000698953353468
0.00064664028947
0.000598474500352
0.00055412818501
0.000513299227099
0.000475709253722
0.000441101823015
0.000409240505972
0.000379899762394
0.000352855717723
0.000327916401198
0.000304907719058
0.000283691358581
0.000264193150137
0.000246251480353
0.000229700710155
0.000214394581202
0.00020020552043
0.000187030656583
0.00017478722646
0.000163435021595
0.000152912539054
0.000143161210434
0.000134126413022
0.000125740918036
0.000117920560861
0.000110620244797
0.00010380541442
9.74526132901e-05
9.15367745275e-05
8.60262137109e-05
8.08851179394e-05
7.60812555795e-05
7.15855897613e-05
6.7373866815e-05
6.34374008348e-05
5.9772233344e-05
5.63650141393e-05
5.31825114605e-05
5.02037570938e-05
4.74101995521e-05
4.47851812997e-05
4.23137387624e-05
3.99884302642e-05
3.7806386866e-05
3.57608828618e-05
3.38454169953e-05
3.20548779479e-05
3.03741155825e-05
2.87917369142e-05
2.73019627807e-05
2.58993569685e-05
2.45788222483e-05
2.33352319109e-05
2.21627003998e-05
2.10567661979e-05
2.0013381658e-05
1.90287634655e-05
1.80995748546e-05
1.72232952039e-05
1.63981033492e-05
1.56204788279e-05
1.48866900272e-05
1.41933209773e-05
1.35372426373e-05
1.29155901941e-05
1.23257368693e-05
1.17664317682e-05
1.12407924859e-05
1.0741325712e-05
1.02657201269e-05
9.81745308643e-06
9.40207156059e-06
9.00594915503e-06
8.62826522009e-06
8.26824344898e-06
7.92513808456e-06
7.59823304311e-06
7.28684107855e-06
6.99030298539e-06
6.70819704e-06
6.44218777317e-06
6.19140984901e-06
5.95406318138e-06
5.72886090087e-06
5.51507376604e-06
5.3120222802e-06
5.11907235569e-06
4.93563222806e-06
4.76114948174e-06
4.59510963423e-06
4.43709793322e-06
4.28692833007e-06
4.14406147643e-06
4.00816725956e-06
3.87930329951e-06
3.75753627401e-06
3.64235863027e-06
3.53303300812e-06
3.42912759603e-06
3.33026670786e-06
3.23609889352e-06
3.14629494083e-06
3.06054662606e-06
2.97859481332e-06
2.90022420071e-06
2.82525207599e-06
2.75738997309e-06
2.69342003341e-06
2.63245467257e-06
2.57446939247e-06
2.51957237323e-06
2.46789399759e-06
2.41935983592e-06
2.3739004796e-06
2.33145561356e-06
2.29199196728e-06
2.25555877668e-06
2.22212670804e-06
2.19158450561e-06
2.16395753113e-06
2.13925729451e-06
2.11750756248e-06
2.09874546939e-06
2.08297674696e-06
2.07001867508e-06
2.0598921939e-06
2.05264775712e-06
2.04835542043e-06
2.04717990382e-06
2.04934237589e-06
2.05517881603e-06
2.06488121007e-06
2.07864480196e-06
2.09670366885e-06
2.1193363562e-06
2.146874196e-06
2.17972460657e-06
2.21840788506e-06
2.26344766278e-06
2.31544911451e-06
2.37513515435e-06
2.44386789256e-06
2.52347421474e-06
2.61524900972e-06
2.72070522979e-06
2.84166304985e-06
2.98031223013e-06
3.13928369656e-06
3.32172591524e-06
3.53258761665e-06
3.77842011141e-06
4.06553106123e-06
4.40153987465e-06
4.79318200274e-06
5.24420218729e-06
5.75519243932e-06
6.31608979793e-06
6.89239188166e-06
7.4035351248e-06
7.70708876721e-06
7.64007310086e-06
7.14471617252e-06
6.34188830514e-06
5.43039052467e-06
4.55759448364e-06
3.7908110997e-06
3.14554154665e-06
2.61371553028e-06
2.17926511342e-06
1.82517655809e-06
1.53617557953e-06
1.29947048836e-06
1.10470207863e-06
9.4361658382e-07
8.09717023492e-07
6.97843468176e-07
6.03885924768e-07
5.24619019109e-07
4.57435233449e-07
4.00229985345e-07
3.51307418935e-07
3.09301874991e-07
2.73102223277e-07
2.41787915839e-07
2.14601782968e-07
1.90919274595e-07
1.70313818113e-07
1.52273320783e-07
1.36416248574e-07
1.22460959344e-07
1.10148625071e-07
9.92568465456e-08
8.95969979746e-08
8.10085937485e-08
7.33546569712e-08
6.6519782395e-08
6.04051970383e-08
5.49233254359e-08
4.99969812922e-08
4.55599268213e-08
4.15675545715e-08
3.79966516213e-08
3.47861342674e-08
3.1878553231e-08
2.92382024579e-08
2.68385545779e-08
2.46559921377e-08
2.26694518622e-08
2.08601276462e-08
1.92118116229e-08
1.77107227254e-08
1.63430069468e-08
1.50947655647e-08
1.3952517222e-08
1.29060541807e-08
1.19462853085e-08
1.10650813524e-08
1.02551628807e-08
9.51000249472e-09
8.82373934053e-09
8.19114231014e-09
7.60826550543e-09
7.07091473041e-09
6.57495809662e-09
6.11735851754e-09
5.69504873203e-09
5.30476161467e-09
4.94356674241e-09
4.60883430869e-09
4.29874344581e-09
4.01170419447e-09
3.74590415498e-09
3.4991782167e-09
3.269493878e-09
3.05551117815e-09
2.85602224888e-09
2.67018578457e-09
2.4970455551e-09
2.33565893666e-09
2.18575108941e-09
2.04653711505e-09
1.91705634643e-09
1.79644174979e-09
1.68390067697e-09
1.57871449299e-09
1.48030030942e-09
1.38819238688e-09
1.30199086897e-09
1.22147931437e-09
1.14628628651e-09
1.07603158637e-09
1.01036445071e-09
9.48961067282e-10
8.91519956997e-10
8.37689667601e-10
7.87186957055e-10
7.39771002362e-10
6.95220454309e-10
6.53330819449e-10
6.1398647038e-10
5.77226334785e-10
5.42842087817e-10
5.10624926678e-10
4.80385605046e-10
4.51952803529e-10
4.25196465915e-10
3.99985889713e-10
3.76215844403e-10
3.53958062454e-10
3.33163153785e-10
3.13760626624e-10
2.95584519474e-10
2.78414409415e-10
2.62190895014e-10
2.46860916735e-10
2.32386444451e-10
2.18809663134e-10
2.06061389565e-10
1.94042499695e-10
1.82703920678e-10
1.72015809678e-10
1.61949182044e-10
1.52475915842e-10
1.43565245752e-10
1.35183827569e-10
1.2730971561e-10
1.19912344827e-10
1.12952408174e-10
1.06400956245e-10
1.00231284468e-10
9.44185426319e-11
8.89396032579e-11
8.3772939829e-11
7.88986268945e-11
7.42985875817e-11
6.99658302109e-11
6.58875044766e-11
6.20488489785e-11
5.84342154506e-11
5.50285179122e-11
5.18179833477e-11
4.87938464366e-11
4.59451649059e-11
4.3260170257e-11
4.07279339855e-11
3.83383083097e-11
3.60826600263e-11
3.39597978513e-11
3.19633082002e-11
3.00847028815e-11
2.83160885558e-11
2.66501253521e-11
2.50799884847e-11
2.35993326517e-11
2.22022590191e-11
2.08832846031e-11
1.96373421065e-11
1.84619853459e-11
1.73556364053e-11
1.63166435907e-11
1.53405687183e-11
1.4422999572e-11
1.35598446356e-11
1.27473104401e-11
1.19818805833e-11
1.12603063808e-11
1.057963862e-11
9.93777943696e-12
9.3339054826e-12
8.76512319832e-12
8.22978925887e-12
7.72722438645e-12
7.25455436913e-12
6.80939074609e-12
6.39084175121e-12
5.99850126087e-12
5.63069444892e-12
5.28526617635e-12
4.95899449778e-12
4.65044342654e-12
4.35841525106e-12
4.08180556123e-12
3.82283663804e-12
3.5824754103e-12
3.35823819481e-12
3.14791421013e-12
2.9495766181e-12
2.76223517948e-12
2.58554488295e-12
2.41916989037e-12
2.26304570194e-12
2.11707008566e-12
1.98082112688e-12
1.85385544935e-12
1.73491719912e-12
1.62314301541e-12
1.51808419661e-12
1.41939085448e-12
1.32676679754e-12
1.2398251984e-12
