9.61329247818e-09
9.94345473889e-09
1.027170842e-08
1.0598081864e-08
1.09206695763e-08
1.12401323704e-08
1.15575838868e-08
1.1872117288e-08
1.21820386209e-08
1.24860211366e-08
1.2790200144e-08
1.30961210344e-08
1.34007918695e-08
1.37066227841e-08
1.40169771814e-08
1.43196101709e-08
1.46160078177e-08
1.49094915583e-08
1.52002353117e-08
1.54880015242e-08
1.57725459435e-08
1.60533405238e-08
1.63286368486e-08
1.66001209748e-08
1.686976289e-08
1.71382900698e-08
1.74064856072e-08
1.76755416843e-08
1.79430264667e-08
1.82067617696e-08
1.84680809067e-08
1.87263509417e-08
1.8980126008e-08
1.92278527569e-08
1.94679134108e-08
1.96986603813e-08
1.99182070586e-08
2.01245477328e-08
2.03276168166e-08
2.05644735699e-08
2.07999628736e-08
2.10256824311e-08
2.12423741883e-08
2.14508578327e-08
2.16520312629e-08
2.18468710176e-08
2.20364184255e-08
2.22213167346e-08
2.24011124808e-08
2.25760313083e-08
2.27463740363e-08
2.29140743062e-08
2.30859241459e-08
2.3261563768e-08
2.34384587657e-08
2.36138460914e-08
2.37849296506e-08
2.39500137526e-08
2.41084821974e-08
2.42647461691e-08
2.44203433023e-08
2.45767198205e-08
2.47353869433e-08
2.48947648337e-08
2.50481776861e-08
2.51946969622e-08
2.53349501025e-08
2.54719617578e-08
2.5608380154e-08
2.57447109942e-08
2.58793311988e-08
2.60105237176e-08
2.61364737448e-08
2.62560354936e-08
2.63737058844e-08
2.64964575912e-08
2.66278864318e-08
2.67616831678e-08
2.68955964959e-08
2.70273880453e-08
2.71546947545e-08
2.72750265835e-08
2.73897981792e-08
2.75035916295e-08
2.76187205552e-08
2.77376588154e-08
2.78640850036e-08
2.79927742287e-08
2.81200786561e-08
2.82465962476e-08
2.83729483161e-08
2.84998007074e-08
2.86274315259e-08
2.87546674112e-08
2.88815608855e-08
2.90083263924e-08
2.91351870804e-08
2.92627062912e-08
2.93925436705e-08
2.95274885221e-08
2.96673163289e-08
2.98108437971e-08
2.99568117619e-08
3.01038807326e-08
3.02506345389e-08
3.03955702802e-08
3.05401610077e-08
3.06980374378e-08
3.08542380839e-08
3.10061119066e-08
3.11683256691e-08
3.13650978904e-08
3.1558965707e-08
3.17504421187e-08
3.19401160781e-08
3.21286134157e-08
3.23165982233e-08
3.25047745309e-08
3.26938883194e-08
3.28857794016e-08
3.30933100148e-08
3.33176552998e-08
3.35544245803e-08
3.38010967327e-08
3.40577437357e-08
3.4324442276e-08
3.46012729094e-08
3.48883218843e-08
3.51856823177e-08
3.54934666486e-08
3.58123393544e-08
3.61447624098e-08
3.64901896034e-08
3.68496301565e-08
3.72276590588e-08
3.76294527183e-08
3.80548056207e-08
3.85005326919e-08
3.8966055039e-08
3.94510455606e-08
3.99551197684e-08
4.04778287284e-08
4.10186598919e-08
4.15774534964e-08
4.21544266408e-08
4.27500621818e-08
4.34252129511e-08
4.41383615752e-08
4.4879593599e-08
4.56521152756e-08
4.64618651544e-08
4.73158721054e-08
4.82177939296e-08
4.91715718963e-08
5.01815489686e-08
5.12529248249e-08
5.23931952335e-08
5.3608611686e-08
5.49038931193e-08
5.62874876276e-08
5.77681426434e-08
5.93556628269e-08
6.10610703558e-08
6.28953821786e-08
6.48645264342e-08
6.6981259801e-08
6.92604471485e-08
7.17190557594e-08
7.43792207146e-08
7.7267598504e-08
8.04182473634e-08
8.38635305701e-08
8.76396736382e-08
9.17888569161e-08
9.63604317071e-08
1.01412509112e-07
1.07014625171e-07
1.13251660246e-07
1.20220794275e-07
1.28038141391e-07
1.36844598393e-07
1.46842370495e-07
1.58296913151e-07
1.71486353447e-07
1.86755458058e-07
2.0453855127e-07
2.2538762075e-07
2.50010447896e-07
2.79322426176e-07
3.1462618219e-07
3.5771431751e-07
4.10848085164e-07
4.77089039554e-07
5.60305927058e-07
6.65083166069e-07
7.96547585077e-07
9.58303696439e-07
1.14686366163e-06
1.34067135638e-06
1.48909240618e-06
1.52569448615e-06
1.42174138572e-06
1.21997842589e-06
9.92451145466e-07
7.87324581009e-07
6.20755538252e-07
4.91448168903e-07
3.92552622506e-07
3.16921685303e-07
2.58681861468e-07
2.13385818041e-07
1.7776581875e-07
1.49440628046e-07
1.2667182292e-07
1.08186312943e-07
9.30365058773e-08
8.05090476424e-08
7.00690621115e-08
6.13031616621e-08
5.38902240911e-08
4.75798458141e-08
4.21761014962e-08
3.75236687981e-08
3.3496761293e-08
2.99939289195e-08
2.69329249184e-08
2.42597183156e-08
2.19077282313e-08
1.9828279026e-08
1.79864608701e-08
1.63500734416e-08
1.48915384942e-08
1.35875668597e-08
1.24184076643e-08
1.13672404047e-08
1.0419978153e-08
9.56459418726e-09
8.79033545363e-09
8.08764872533e-09
7.44833412626e-09
6.86736306794e-09
6.3430039913e-09
5.86707925353e-09
5.43164086587e-09
5.03208395342e-09
4.66516086735e-09
4.32796342601e-09
4.01788144397e-09
3.73256903469e-09
3.47002546898e-09
3.22858209411e-09
3.00646073879e-09
2.80178181138e-09
2.61264984995e-09
2.43769238245e-09
2.275679017e-09
2.12550116057e-09
1.98615845635e-09
1.85674690746e-09
1.73644845534e-09
1.62452943333e-09
1.52047815864e-09
1.4237038275e-09
1.33359859974e-09
1.24975040519e-09
1.17171960256e-09
1.09900398467e-09
1.03114982073e-09
9.67747097435e-10
9.08540411368e-10
8.53310927694e-10
8.01780398801e-10
7.53581699523e-10
7.08362885225e-10
6.65911421553e-10
6.26035062267e-10
5.88614231259e-10
5.53498446386e-10
5.20534340593e-10
4.8971325758e-10
4.60908004914e-10
4.33946251366e-10
4.08671450678e-10
3.84939120216e-10
3.62617415554e-10
3.41601788495e-10
3.21811726312e-10
3.03179315815e-10
2.85676956351e-10
2.69239354471e-10
2.53797081786e-10
2.39285593176e-10
2.25644849542e-10
2.12818405085e-10
2.00736128414e-10
1.89342661279e-10
1.78591525833e-10
1.68439760709e-10
1.58847402127e-10
1.49795072993e-10
1.41300375071e-10
1.33320402583e-10
1.25811222121e-10
1.18732829916e-10
1.12048859508e-10
1.05732524285e-10
9.97562825596e-11
9.40983389914e-11
8.87806161761e-11
8.379482232e-11
7.91271152707e-11
7.47392931385e-11
7.05788677416e-11
6.66333991043e-11
6.28918242792e-11
5.93467259365e-11
5.60111698e-11
5.28695053665e-11
4.98981014638e-11
4.70860073648e-11
4.44270975137e-11
4.19153485207e-11
3.95448472927e-11
3.73088910114e-11
3.52000045142e-11
3.32135859188e-11
3.13426806098e-11
2.95779312534e-11
2.79126029299e-11
2.63404668761e-11
2.48557056158e-11
2.3452885653e-11
2.21269320629e-11
2.08731355028e-11
1.9687222504e-11
1.85678008123e-11
1.75119013187e-11
1.65160171278e-11
1.5576364109e-11
1.46892697657e-11
1.38513776462e-11
1.30606449592e-11
1.23144180915e-11
1.1609794196e-11
1.09440708155e-11
1.03147324392e-11
9.71964969143e-12
9.15867843509e-12
8.63026130759e-12
8.1322657994e-12
7.66270422394e-12
7.21972409094e-12
6.80159914179e-12
6.40672100279e-12
6.03359141521e-12
5.68081500354e-12
5.34710032847e-12
5.03186435364e-12
4.73475413566e-12
4.45538739427e-12
4.19261902829e-12
3.94530459975e-12
3.71238104574e-12
3.49286112298e-12
3.28582824689e-12
3.09043452183e-12
2.90591023724e-12
2.73171595017e-12
2.56766074373e-12
2.41297974037e-12
2.26724799871e-12
2.13030349603e-12
2.00137931768e-12
1.87983990937e-12
1.76546182074e-12
1.65815448532e-12
1.55747392796e-12
1.46284075592e-12
1.37337688089e-12
1.28869796765e-12
1.20848440188e-12
1.13244119546e-12
1.06119317736e-12
9.95018567264e-13
9.33239555258e-13
8.75252115813e-13
8.20529354327e-13
7.6880293994e-13
7.19982837709e-13
6.73981193348e-13
6.30785679542e-13
5.90373225238e-13
5.526311006e-13
5.17440254439e-13
4.84454973977e-13
4.53438165909e-13
4.24267818608e-13
3.96849283352e-13
3.71102687608e-13
3.46922478127e-13
