0.000765561832323
0.000717850332999
0.000673865377725
0.00063324771376
0.000595518269936
0.000560411431072
0.000527757586912
0.000497339313062
0.000468978156128
0.00044252463049
0.000417905713461
0.000394992139386
0.000373620561974
0.000353655329824
0.000334976541127
0.000317452559206
0.000301008024506
0.000285592965474
0.000271135820843
0.00025756146777
0.00024480159281
0.000232793798658
0.000221479987498
0.000210821329031
0.000200781523741
0.000191320029493
0.000182399204948
0.00017398940551
0.000166054189001
0.000158555927138
0.000151465934045
0.000144755907249
0.000138399270858
0.000132371565303
0.000126651107249
0.000121219185045
0.000116055939936
0.000111142919769
0.000106473116455
0.000102090463352
9.79310307685e-05
9.39699363025e-05
9.01970267596e-05
8.66027303606e-05
8.31780208577e-05
7.99143839342e-05
7.68035883886e-05
7.38369531208e-05
7.10061021654e-05
6.83041373339e-05
6.57246621549e-05
6.32628941073e-05
6.09192410506e-05
5.8689147052e-05
5.6564071336e-05
5.45359347408e-05
5.2597277664e-05
5.07413206124e-05
4.89631662973e-05
4.7261600033e-05
4.56334583667e-05
4.40757308519e-05
4.25854739358e-05
4.11582444152e-05
3.97874229107e-05
3.84697941444e-05
3.72027961032e-05
3.59846560889e-05
3.4818399844e-05
3.37034918208e-05
3.2636158532e-05
3.16128947318e-05
3.06304426168e-05
2.96859344727e-05
2.87780046058e-05
2.79067805454e-05
2.7071627704e-05
2.62705006312e-05
2.55012197588e-05
2.4761472294e-05
2.40490843562e-05
2.33620113601e-05
2.26994055513e-05
2.20612758319e-05
2.14469897251e-05
2.08559716918e-05
2.02886804801e-05
1.97431524964e-05
1.92177856072e-05
1.87120727005e-05
1.82254983664e-05
1.77575791591e-05
1.73075625054e-05
1.68737563679e-05
1.64554031903e-05
1.60518852721e-05
1.56626146911e-05
1.52870377051e-05
1.49246823934e-05
1.45754281482e-05
1.42386641323e-05
1.39136610842e-05
1.35997237529e-05
1.32961886792e-05
1.30024444091e-05
1.27179104775e-05
1.24434142952e-05
1.21851085787e-05
1.19358728163e-05
1.16940235033e-05
1.14612467317e-05
1.1240236585e-05
1.10259217188e-05
1.08182061144e-05
1.06170042208e-05
1.04222359735e-05
1.0233826952e-05
1.00517085449e-05
9.87581812703e-06
9.70619570149e-06
9.54388312001e-06
9.38884173793e-06
9.24074305408e-06
9.09955437757e-06
8.96491781836e-06
8.83647145051e-06
8.71386886542e-06
8.59677813665e-06
8.48488075727e-06
8.37787487099e-06
8.27560995975e-06
8.17849885704e-06
8.08649375683e-06
7.99968390228e-06
7.91841831276e-06
7.84307154204e-06
7.77346451913e-06
7.70879382196e-06
7.64888407456e-06
7.59363740547e-06
7.54296480503e-06
7.49678602651e-06
7.45503816094e-06
7.41768337196e-06
7.38467587377e-06
7.35605126219e-06
7.33574921543e-06
7.32096099517e-06
7.31105050708e-06
7.30625308255e-06
7.30721889704e-06
7.31473426204e-06
7.32897158066e-06
7.35011495532e-06
7.3783817984e-06
7.41403691419e-06
7.45742907373e-06
7.50889443554e-06
7.56891190065e-06
7.63839770338e-06
7.71817349255e-06
7.80916129167e-06
7.91239943913e-06
8.02887036119e-06
8.15884461577e-06
8.30368040862e-06
8.46464394233e-06
8.64325009697e-06
8.84144391079e-06
9.06151354118e-06
9.30627143064e-06
9.57868019868e-06
9.88215034452e-06
1.0220692587e-05
1.05990486198e-05
1.10228747798e-05
1.14990565689e-05
1.20360879737e-05
1.26437700825e-05
1.33340008281e-05
1.41214623259e-05
1.50257064997e-05
1.60719315402e-05
1.72898609687e-05
1.87176031401e-05
2.04048126366e-05
2.24171263269e-05
2.48426970166e-05
2.7802014522e-05
3.14741981099e-05
3.6112056832e-05
4.20713996461e-05
4.98980885574e-05
6.04290506327e-05
7.49842298779e-05
9.57389865475e-05
0.00012637199667
0.000173203480178
0.000246386184723
0.000350638326477
0.000414235927156
0.000330608692306
0.000217085855406
0.000141803870904
9.59272785866e-05
6.73397350746e-05
4.88715874813e-05
3.650525223e-05
2.79472551334e-05
2.1848438589e-05
1.73886950627e-05
1.40531883888e-05
1.15088296446e-05
9.53412636423e-06
7.9784082169e-06
6.73634640017e-06
5.73271229622e-06
4.91311340951e-06
4.23736378102e-06
3.67535538727e-06
3.20424597053e-06
2.8065145906e-06
2.46855293793e-06
2.17964588101e-06
1.93129222383e-06
1.71671274985e-06
1.53128378942e-06
1.3698323158e-06
1.22852747484e-06
1.10448811692e-06
9.95242519953e-07
8.98716204173e-07
8.13170402748e-07
7.37140702712e-07
6.69388004726e-07
6.08864593505e-07
5.54677691363e-07
5.06054917295e-07
4.62316188876e-07
4.22879971757e-07
3.87301512492e-07
3.55264841325e-07
3.2631915332e-07
3.00046878033e-07
2.76147643915e-07
2.54381126095e-07
2.34534703073e-07
2.16419825397e-07
1.99869367893e-07
1.84742575167e-07
1.70908813205e-07
1.58246498918e-07
1.46639792327e-07
1.35979915473e-07
1.26178963839e-07
1.17158355099e-07
1.08847619365e-07
1.01183462456e-07
9.41089491644e-08
8.75727896045e-08
8.15290878483e-08
7.59438419418e-08
7.07800496103e-08
6.60007496697e-08
6.1575374947e-08
5.74748165954e-08
5.36706657829e-08
5.01373132084e-08
4.68516616178e-08
4.37982897924e-08
4.09637875389e-08
3.83321991966e-08
3.58836147622e-08
3.35992073338e-08
3.14668912163e-08
2.94756138788e-08
2.76163486331e-08
2.58799810069e-08
2.42578767282e-08
2.27454028446e-08
2.13352501154e-08
2.00193131515e-08
1.87901993945e-08
1.76410614963e-08
1.6565926401e-08
1.55587841704e-08
1.46150013917e-08
1.37305439705e-08
1.29023982501e-08
1.21269247959e-08
1.14005640407e-08
1.07200129194e-08
1.00822049254e-08
9.48427459976e-09
8.92308181632e-09
8.3960349899e-09
7.9008207866e-09
7.43530303246e-09
6.99748926158e-09
6.58593239434e-09
6.20008386037e-09
5.83808022244e-09
5.49810245396e-09
5.17848327677e-09
4.877696244e-09
4.59460299992e-09
4.32802810263e-09
4.07686709686e-09
3.84104994735e-09
3.61987788412e-09
3.41254690327e-09
3.21771339819e-09
3.0337028497e-09
2.85986100946e-09
2.69559243171e-09
2.54046512345e-09
2.39490848912e-09
2.25818007675e-09
2.12920014243e-09
2.00742584413e-09
1.89252627512e-09
1.78418212973e-09
1.68208549301e-09
1.58590716342e-09
1.4953243637e-09
1.41008237012e-09
1.32985452214e-09
1.25423511104e-09
1.1829389213e-09
1.11570358492e-09
1.05228347464e-09
9.92448592482e-10
9.35983535472e-10
8.8268822951e-10
8.32377969932e-10
7.84929833468e-10
7.40195731969e-10
6.98029728623e-10
6.5827567801e-10
6.20782200515e-10
5.85409115848e-10
5.52045313547e-10
5.20572890746e-10
4.90873752818e-10
4.62837623031e-10
4.36361515172e-10
4.11353711423e-10
3.87773523838e-10
3.65551585441e-10
3.44603189428e-10
3.24849141626e-10
3.06215397373e-10
2.88632722888e-10
2.72036379408e-10
2.5636582853e-10
2.41564457272e-10
2.27579957513e-10
2.14378981374e-10
2.01935909977e-10
1.90219074788e-10
1.79182599296e-10
1.68782093578e-10
1.58976203216e-10
1.49726403497e-10
1.40996807741e-10
1.32754415459e-10
1.24971052733e-10
1.17624785416e-10
1.10707214893e-10
1.04187604044e-10
9.8043576684e-11
9.22595685363e-11
8.68067152038e-11
8.16599069275e-11
7.68075452958e-11
7.22479818262e-11
6.79652195673e-11
6.39372205938e-11
6.01286735716e-11
5.65250455995e-11
5.31142882515e-11
4.98851332195e-11
4.68499607627e-11
4.40125477881e-11
4.1352442508e-11
3.88511849673e-11
3.64921853993e-11
3.42646876452e-11
3.21631859007e-11
3.01826660529e-11
2.83200483409e-11
2.65720638142e-11
2.49334228974e-11
2.33988223014e-11
2.19565103694e-11
2.05980291825e-11
1.93183730408e-11
1.81136542312e-11
1.6980585731e-11
1.59148115034e-11
