0.00017054710459
0.000157339497077
0.000145285249176
0.00013427699551
0.000124205130153
0.000114990106376
0.000106558863146
9.88311307166e-05
9.17313474383e-05
8.519620609e-05
7.92075055514e-05
7.37195617415e-05
6.86713137567e-05
6.40344080399e-05
5.9784184453e-05
5.58399893288e-05
5.21831857522e-05
4.87999455503e-05
4.56679489944e-05
4.27659961234e-05
4.00749047829e-05
3.75766400891e-05
3.52524012564e-05
3.30914523558e-05
3.10840507855e-05
2.921906398e-05
2.74861937332e-05
2.58762418193e-05
2.43760171416e-05
2.29745761431e-05
2.16661299438e-05
2.04430842583e-05
1.92978428301e-05
1.82235879716e-05
1.72142171596e-05
1.62642767107e-05
1.53687888014e-05
1.45232648058e-05
1.37313853778e-05
1.30098205354e-05
1.23323820107e-05
1.16918031634e-05
1.10864014929e-05
1.05145485243e-05
9.97467133029e-06
9.4652534103e-06
8.9848320087e-06
8.53182232013e-06
8.10430113947e-06
7.70074943593e-06
7.31976464578e-06
6.96046532e-06
6.62315122613e-06
6.30609305661e-06
6.00728695829e-06
5.72492317092e-06
5.45740805944e-06
5.2035743201e-06
4.96253692567e-06
4.73434740271e-06
4.51851705949e-06
4.31453937878e-06
4.12192051121e-06
3.93969260181e-06
3.76623978763e-06
3.60098253866e-06
3.44360351977e-06
3.29409887332e-06
3.15222777538e-06
3.01754829862e-06
2.88947758468e-06
2.76748212909e-06
2.65107327783e-06
2.53987917056e-06
2.43409395606e-06
2.33403028521e-06
2.23961178648e-06
2.14990696327e-06
2.06447428362e-06
1.98293114581e-06
1.90492788895e-06
1.83014497531e-06
1.75852738362e-06
1.69020219761e-06
1.62514188077e-06
1.56331354035e-06
1.50471362271e-06
1.44885507364e-06
1.39540010477e-06
1.34425708007e-06
1.29533760517e-06
1.24855697653e-06
1.20382002911e-06
1.16099086773e-06
1.1199814639e-06
1.08071294183e-06
1.04311019767e-06
1.00711396857e-06
9.72704278659e-07
9.39886114217e-07
9.08565334993e-07
8.78626949655e-07
8.49963886315e-07
8.22476370379e-07
7.9607148085e-07
7.70662533651e-07
7.46222177528e-07
7.22933432041e-07
7.00478449969e-07
6.78784915228e-07
6.58145218587e-07
6.39015424627e-07
6.20510666205e-07
6.02618278014e-07
5.85326499709e-07
5.68623584862e-07
5.52497829891e-07
5.36937604051e-07
5.21931380499e-07
5.07485205301e-07
4.93779343686e-07
4.80786518868e-07
4.68390387591e-07
4.56508754337e-07
4.45118715583e-07
4.34199359643e-07
4.23731049445e-07
4.13695370456e-07
4.04075074383e-07
3.9485410163e-07
3.86021466036e-07
3.77576903726e-07
3.69491432433e-07
3.61754909592e-07
3.54392834557e-07
3.47431711006e-07
3.40844520871e-07
3.34585007543e-07
3.28628633315e-07
3.229541456e-07
3.17541229719e-07
3.12370417982e-07
3.07423056299e-07
3.02684951191e-07
2.981462216e-07
2.93798849534e-07
2.90084391751e-07
2.86653474891e-07
2.83414849659e-07
2.80377086381e-07
2.77560240765e-07
2.74987032428e-07
2.72663254412e-07
2.7059537179e-07
2.68790941171e-07
2.67261236887e-07
2.66029451486e-07
2.65108293878e-07
2.64494610623e-07
2.64201378516e-07
2.64243841695e-07
2.64639603554e-07
2.65408967583e-07
2.66570246289e-07
2.68122201189e-07
2.70087802753e-07
2.7249481948e-07
2.75375922252e-07
2.7878141114e-07
2.82774100588e-07
2.87438537542e-07
2.92843195255e-07
2.99063383562e-07
3.06188211193e-07
3.14323483056e-07
3.23595527587e-07
3.34157680891e-07
3.46199636536e-07
3.59940156807e-07
3.75644636749e-07
3.93640908061e-07
4.14434102975e-07
4.38704194641e-07
4.67137417328e-07
5.00605766849e-07
5.40242566289e-07
5.87541106869e-07
6.44499299898e-07
7.13836082112e-07
7.99567631288e-07
9.07666470762e-07
1.04653666474e-06
1.22885041931e-06
1.47370112895e-06
1.81069597485e-06
2.28885753266e-06
2.99077519152e-06
4.05740442756e-06
5.71254000883e-06
8.04564280584e-06
9.40596483267e-06
7.42832570803e-06
4.82630401965e-06
3.11947038244e-06
2.08813414202e-06
1.45053821354e-06
1.04177096018e-06
7.70098416607e-07
5.83476733668e-07
4.5145370424e-07
3.5561335431e-07
2.84452019485e-07
2.30562671983e-07
1.8904208149e-07
1.56567951952e-07
1.3082864692e-07
1.10181753187e-07
9.3450351812e-08
7.9763341824e-08
6.84689426076e-08
5.90751058036e-08
5.12074275828e-08
4.45766600998e-08
3.8954572584e-08
3.41611246283e-08
3.00533092019e-08
2.65307840839e-08
2.34880955311e-08
2.08468361791e-08
1.8549319531e-08
1.65440687934e-08
1.47878317382e-08
1.32446511575e-08
1.18844882098e-08
1.06821311998e-08
9.61666525659e-09
8.67044382815e-09
7.82801875496e-09
7.07596709859e-09
6.40289737982e-09
5.80122011646e-09
5.26700010538e-09
4.78985931171e-09
4.36022519404e-09
3.97223973588e-09
3.62157760749e-09
3.30440962205e-09
3.01733859689e-09
2.75734862581e-09
2.52187566709e-09
2.30868434554e-09
2.11557724782e-09
1.94037140846e-09
1.78096496134e-09
1.63576750543e-09
1.50336919907e-09
1.38251514586e-09
1.27208665441e-09
1.17108498328e-09
1.0786172117e-09
9.93889079891e-10
9.16290706647e-10
8.45186887358e-10
7.79960465882e-10
7.20159407395e-10
6.65328990425e-10
6.14986546099e-10
5.68701235044e-10
5.26088253207e-10
4.86874333303e-10
4.50820375845e-10
4.17661784e-10
3.87091733495e-10
3.58825473668e-10
3.32670833524e-10
3.08455285704e-10
2.86059400945e-10
2.65347054938e-10
2.46183375054e-10
2.28511519934e-10
2.12218416886e-10
1.97174032225e-10
1.83261731258e-10
1.7037579455e-10
1.5842497249e-10
1.47328848161e-10
1.37022415239e-10
1.27450201913e-10
1.18580394635e-10
1.10362120307e-10
1.02744056433e-10
9.56791815014e-11
8.91243900974e-11
8.30399348513e-11
7.73834498307e-11
7.21198614671e-11
6.721809728e-11
6.26498384494e-11
5.83891396903e-11
5.44199612999e-11
5.07427815125e-11
4.73321276027e-11
4.41630057626e-11
4.12129600328e-11
3.8461835816e-11
3.58943225263e-11
3.34953032309e-11
3.12522154949e-11
2.91697783294e-11
2.7240338139e-11
2.54544256873e-11
2.37945729858e-11
2.22393821841e-11
2.07818169926e-11
1.94155544945e-11
1.81359283405e-11
1.69466745766e-11
1.58399986593e-11
1.48051518988e-11
1.38366309893e-11
1.29309122114e-11
1.20846148595e-11
1.12944989325e-11
1.05573373902e-11
9.86985531542e-12
9.22951864887e-12
8.63304497922e-12
8.07632687833e-12
7.55640824051e-12
7.07060941737e-12
6.61645803938e-12
6.19167261949e-12
5.79414750055e-12
5.42194664212e-12
5.07332135576e-12
4.7474751326e-12
4.4431413735e-12
4.15895110956e-12
3.89344236866e-12
3.64521226273e-12
3.41298416355e-12
3.19582844317e-12
2.99271432292e-12
2.80259451635e-12
2.62450516917e-12
2.45755922666e-12
2.30100102194e-12
2.15467921686e-12
2.01804202631e-12
1.89036536883e-12
1.77098189114e-12
1.65927651901e-12
1.55468236552e-12
1.45667696829e-12
1.36477882951e-12
1.2785442346e-12
1.19757246471e-12
1.12163680051e-12
1.05058557212e-12
9.84249466018e-13
9.22280256084e-13
8.64338427407e-13
8.10111939661e-13
7.5931404622e-13
7.11681290132e-13
6.6697747314e-13
6.25020860288e-13
5.85654210294e-13
5.48820273328e-13
5.14306565728e-13
4.81973226723e-13
4.5173861964e-13
4.23407419251e-13
3.96811640586e-13
3.71882486562e-13
3.48620813588e-13
3.26918757358e-13
3.06631365435e-13
2.87529251807e-13
2.69522677033e-13
2.52539002969e-13
2.36511286698e-13
2.21525284794e-13
2.07608008776e-13
1.9463104378e-13
1.82480608557e-13
1.71057913889e-13
1.60312839688e-13
1.50216189719e-13
1.40737427034e-13
1.31856188689e-13
1.23551664197e-13
1.15793311219e-13
1.08551557341e-13
1.01767493579e-13
9.53968192515e-14
8.9411684992e-14
8.37925701935e-14
7.85243251023e-14
7.3583076817e-14
5.03863588308e-09
5.35994835936e-09
5.69395771792e-09
6.04082465832e-09
6.39896827109e-09
6.76837602099e-09
7.14976201135e-09
7.54303270308e-09
7.94813550396e-09
8.36508098625e-09
8.79452399253e-09
9.23670430079e-09
9.69140499545e-09
1.01587029956e-08
1.0638708765e-08
1.1130509779e-08
1.16342097936e-08
1.21502033935e-08
1.26785303562e-08
1.32191038989e-08
1.37718231705e-08
1.43365312858e-08
1.49128869621e-08
1.55010306496e-08
1.61012470463e-08
1.67136436679e-08
1.73383400016e-08
1.7975602913e-08
1.86250940227e-08
1.92863854841e-08
1.99594698249e-08
2.0644109221e-08
2.13399611483e-08
2.20466416621e-08
2.27638446652e-08
2.34914436763e-08
2.42289073938e-08
2.49756208118e-08
2.57332188402e-08
2.65092765941e-08
2.72967195444e-08
2.80936326627e-08
2.89001222025e-08
2.97163312918e-08
3.05424425202e-08
3.13786806089e-08
3.22252493566e-08
3.30820022276e-08
3.39485477376e-08
3.48249202779e-08
3.57112083975e-08
3.66079466798e-08
3.75171594599e-08
3.84390966056e-08
3.9373086343e-08
4.03183267625e-08
4.12739269609e-08
4.22390179868e-08
4.32131036002e-08
4.41973536707e-08
4.51924079101e-08
4.61989545525e-08
4.72177498573e-08
4.82482324743e-08
4.92874782488e-08
5.03349709707e-08
5.13908000853e-08
5.24560156828e-08
5.35334087523e-08
5.46240499119e-08
5.57270613986e-08
5.68414687993e-08
5.79661958796e-08
5.91004073359e-08
6.02461577738e-08
6.14074385065e-08
6.25864121866e-08
6.37797650073e-08
6.49866217495e-08
6.62060080008e-08
6.74368253203e-08
6.86778433712e-08
6.99295923683e-08
7.11946068064e-08
7.24747194236e-08
7.37719897756e-08
7.50899219362e-08
7.64252756543e-08
7.77760657933e-08
7.91436242921e-08
8.05293839463e-08
8.19349511055e-08
8.33612441081e-08
8.48062481516e-08
8.6270309711e-08
8.77541185051e-08
8.92584104526e-08
9.07840298422e-08
9.23321898087e-08
9.39053788744e-08
9.55039456922e-08
9.71275318923e-08
9.87756887662e-08
1.00447870218e-07
1.02143466767e-07
1.03861762619e-07
1.05607902854e-07
1.07413777806e-07
1.09250771811e-07
1.11112806763e-07
1.13016070889e-07
1.1498809258e-07
1.16990092574e-07
1.19023851005e-07
1.21091346066e-07
1.23194718522e-07
1.25336283828e-07
1.27518545235e-07
1.29744207996e-07
1.3201764123e-07
1.34359082464e-07
1.36773879127e-07
1.39259446741e-07
1.41815476336e-07
1.44444419797e-07
1.47148754496e-07
1.49931060317e-07
1.5279402696e-07
1.55740461344e-07
1.58773367003e-07
1.61897302334e-07
1.65122005058e-07
1.68451597123e-07
1.71894289973e-07
1.75463756637e-07
1.79175054221e-07
1.83034295953e-07
1.87037046631e-07
1.91188624882e-07
1.95495802547e-07
1.99965738392e-07
2.04606007837e-07
2.0942472753e-07
2.14430835879e-07
2.19633712821e-07
2.25045170252e-07
2.3079261162e-07
2.36811697688e-07
2.43097034245e-07
2.49670388503e-07
2.56564298609e-07
2.63817110567e-07
2.71456272123e-07
2.79511353279e-07
2.88014892743e-07
2.97003288744e-07
3.06518938636e-07
3.16605902439e-07
3.27310097813e-07
3.38695730752e-07
3.5083199149e-07
3.63796734802e-07
3.77677807879e-07
3.9256745928e-07
4.08537097476e-07
4.25702836647e-07
4.44190350193e-07
4.64143942818e-07
4.85737655996e-07
5.09173922753e-07
5.34693164771e-07
5.62559374639e-07
5.93076936907e-07
6.26601532984e-07
6.6355084164e-07
7.04418958201e-07
7.49798301612e-07
8.00403842503e-07
8.57072246479e-07
9.20810446767e-07
9.92844144591e-07
1.07477002215e-06
1.1686081232e-06
1.2767190295e-06
1.40205805678e-06
1.54836824413e-06
1.72043432688e-06
1.92443024856e-06
2.16839627942e-06
2.46357753972e-06
2.82491167338e-06
3.27154399568e-06
3.82962423219e-06
4.5330188304e-06
5.42330098719e-06
6.54729070423e-06
7.94047623636e-06
9.58019180076e-06
1.12907751018e-05
1.2643756972e-05
1.30611924319e-05
1.22714949256e-05
1.06165533969e-05
8.70725015557e-06
6.9637838149e-06
5.5348559348e-06
4.41705255311e-06
3.55628682878e-06
2.89381124225e-06
2.38057712213e-06
1.97907875222e-06
1.66155512952e-06
1.40765402862e-06
1.20244172359e-06
1.03492662127e-06
8.96895779313e-07
7.82143476332e-07
6.85971349923e-07
6.04758919853e-07
5.35693143208e-07
4.76571402525e-07
4.25657631764e-07
3.81569194326e-07
3.43189812141e-07
3.09614841411e-07
2.80108993453e-07
2.54191364486e-07
2.31260529655e-07
2.10872705928e-07
1.92699937649e-07
1.76451916694e-07
1.61880864949e-07
1.48776408191e-07
1.36959165559e-07
1.26275536523e-07
1.16594675164e-07
1.07803993969e-07
9.98042981732e-08
9.25062553819e-08
8.58330279236e-08
7.97302569393e-08
7.4166618468e-08
6.90757442743e-08
6.43926278479e-08
6.00743091304e-08
5.60882175576e-08
5.2405222207e-08
4.89992075667e-08
4.58467858058e-08
4.29284452e-08
4.02259619146e-08
3.77216511725e-08
3.53976204236e-08
3.32362412651e-08
3.12240438552e-08
2.93488819059e-08
2.75997565671e-08
2.59666926847e-08
2.44406300858e-08
2.30133278641e-08
2.16773735228e-08
2.04278971366e-08
1.92589157647e-08
1.81640777068e-08
1.71384394938e-08
1.61770640324e-08
1.52748079777e-08
1.44269929236e-08
1.36293632338e-08
1.28795845269e-08
1.21757978096e-08
1.1515283088e-08
1.08938469011e-08
1.03073355357e-08
9.75352253875e-09
9.23036288239e-09
8.73636722121e-09
8.26987079221e-09
7.82923438256e-09
7.41406019037e-09
7.02297436642e-09
6.65423092335e-09
6.30622429968e-09
5.97743073804e-09
5.66651559372e-09
5.3721403665e-09
5.0933443679e-09
4.82932104955e-09
4.57961818639e-09
4.34347334004e-09
4.12009694383e-09
3.90874873307e-09
3.70873433784e-09
3.51939581376e-09
3.33993332154e-09
3.16971071841e-09
3.00817276052e-09
2.85480338733e-09
2.70911492441e-09
2.57083171776e-09
2.44006334094e-09
2.31630638893e-09
2.19904574793e-09
2.08780566788e-09
1.9821476937e-09
1.8817799276e-09
1.78637563261e-09
1.69563199336e-09
1.60973296276e-09
1.52854280317e-09
1.45186250944e-09
1.37922036379e-09
1.30996458054e-09
1.2439160831e-09
1.18091406478e-09
1.12087006326e-09
1.06412818612e-09
1.01044243651e-09
9.59366946259e-10
9.10720128099e-10
8.64428899899e-10
8.20420525152e-10
7.78622744835e-10
7.38950442751e-10
7.01313483102e-10
6.65647996218e-10
6.31845371647e-10
5.99746611489e-10
5.69256825559e-10
5.40289034449e-10
5.12761159275e-10
4.86595738558e-10
4.61719662285e-10
4.38064895884e-10
4.15569047899e-10
3.94207724328e-10
3.7393597345e-10
3.5470411798e-10
3.3645452339e-10
3.19129952974e-10
3.02677214168e-10
2.87056721064e-10
2.72224066847e-10
2.58133360496e-10
2.44741485671e-10
2.32007937081e-10
2.19897951505e-10
2.08411092972e-10
1.97524498409e-10
1.87203082301e-10
1.7741383654e-10
1.68125711201e-10
1.593095023e-10
1.50937746121e-10
1.42984619705e-10
1.35425847138e-10
1.2823901126e-10
1.21412981642e-10
1.14942694251e-10
1.08819978585e-10
1.03023960297e-10
9.75337457294e-11
9.23297792935e-11
8.73937638782e-11
8.27085860339e-11
7.82585742041e-11
7.40311032821e-11
7.00182534333e-11
6.62227508847e-11
6.26281522963e-11
5.92237857551e-11
5.60041138047e-11
5.29530780522e-11
5.0056601214e-11
4.73108247859e-11
4.47218859006e-11
4.22829860327e-11
3.99813933586e-11
3.77916400661e-11
3.57062872871e-11
3.37197293234e-11
3.18266927201e-11
3.0038847284e-11
2.83617477494e-11
2.67831748174e-11
2.52919897336e-11
2.38783122234e-11
2.25373392176e-11
2.12666024659e-11
2.00636391308e-11
1.89270690754e-11
1.7855403756e-11
1.68460037583e-11
1.58962074598e-11
1.49993065649e-11
1.41504075807e-11
1.33466895661e-11
1.25864089539e-11
1.18683523717e-11
1.118997288e-11
