0.0480340759143
0.0429188669668
0.0384305351756
0.0344844303201
0.0310036496342
0.0279287868546
0.0252093446928
0.0227980087003
0.0206535206616
0.0187416165404
0.0170423466154
0.01553073967
0.0141803434207
0.0129735480259
0.0118952027742
0.0109216038244
0.010042528193
0.00924966641817
0.00853357017952
0.00788572536416
0.00729867187958
0.00676576545485
0.00628080939443
0.00583950651259
0.00543798775782
0.00507236849659
0.00473917839699
0.0044354014022
0.00415759575102
0.00390284568893
0.00366919180201
0.00345456321653
0.00325702225284
0.00307485653913
0.00290655882377
0.00275080600215
0.0026063958276
0.00247225628441
0.00234845358144
0.00223731772866
0.00213469015988
0.00203923565013
0.00195049531517
0.00186804525317
0.00179149437602
0.00172048239211
0.00165467590195
0.00159374079494
0.00153732176295
0.00148513377955
0.0014369218809
0.00139252585842
0.00135200730018
0.00131512512056
0.00128156670635
0.00125105170616
0.00122333563432
0.00119823725518
0.00117564310375
0.00115562329777
0.00113815643221
0.00112323142012
0.00111085213515
0.00110094669256
0.00109332147822
0.0010879800882
0.00108498535399
0.00108447748413
0.00108667930227
0.00109175635572
0.00109981928766
0.00111101714163
0.00112554274361
0.00114365720796
0.00116581644011
0.00119263761664
0.00122476411868
0.00126274160698
0.00130733851726
0.00135950485833
0.00142042587105
0.00149158971191
0.00157500881722
0.00167335707464
0.00179000191503
0.00192936350585
0.0020974231747
0.00230188489575
0.00255349525958
0.00286772077889
0.00326707314966
0.0037853449636
0.00447502762154
0.00542091592374
0.00676751636774
0.00877514600481
0.0119447367484
0.0173138905814
0.0271920640255
0.0465140303928
0.066937007394
0.044121046178
0.0240581567153
0.0142075493347
0.00907235580049
0.00616137356665
0.00438873518718
0.00324602863926
0.00247270736884
0.00192889774308
0.00153475155765
0.00124204718086
0.00101923315637
0.000846445049867
0.000710291342795
0.000601500758865
0.000513504400426
0.00044155265603
0.000382149185262
0.000332683820171
0.000291220734539
0.000256216545259
0.000226456891212
0.000200998622137
0.000179095206826
0.000160150081744
0.000143682791691
0.000129303426456
0.000116693306673
0.000105590293402
9.57787852374e-05
8.70838325926e-05
7.93532841297e-05
7.24607313524e-05
6.63019701969e-05
6.07879553457e-05
5.5837266995e-05
5.13765175084e-05
4.73468153692e-05
4.36978356687e-05
4.03860696167e-05
3.73737785234e-05
3.46281540602e-05
3.21206841699e-05
2.9826420252e-05
2.77236940244e-05
2.58116804678e-05
2.40572036012e-05
2.24417429614e-05
2.0952604048e-05
1.95793655606e-05
1.83127714621e-05
1.71430129645e-05
1.60612879418e-05
1.50597196897e-05
1.41312869973e-05
1.32698343841e-05
1.24696182113e-05
1.17254040077e-05
1.10330001535e-05
1.03883854933e-05
9.78789453982e-06
9.22818179026e-06
8.70600132587e-06
8.21762050737e-06
7.76054376201e-06
7.33233959873e-06
6.93082622448e-06
6.55417203685e-06
6.20072996951e-06
5.86909435437e-06
5.55771558635e-06
5.26513051712e-06
4.98999670692e-06
4.73108125049e-06
4.48725700164e-06
4.25752370851e-06
4.04101311583e-06
3.83677883926e-06
3.64393137711e-06
3.46165975593e-06
3.28957842751e-06
3.12743596899e-06
2.97443451498e-06
2.82982231345e-06
2.69291496085e-06
2.56308914748e-06
2.43977705647e-06
2.32246134416e-06
2.21138387521e-06
2.10662279772e-06
2.00752805437e-06
1.91392538695e-06
1.82535365862e-06
1.74107113326e-06
1.66076724992e-06
1.58427470363e-06
1.51143258118e-06
1.44208982588e-06
1.37610114755e-06
1.31332680963e-06
1.253630258e-06
1.19684428293e-06
1.14282217393e-06
1.09143469441e-06
1.04254317288e-06
9.96009861561e-07
9.51708569666e-07
9.09510183784e-07
8.69298833124e-07
8.30968756049e-07
7.94419673949e-07
7.59555128945e-07
7.26284670169e-07
6.94551344244e-07
6.64287597334e-07
6.35408531483e-07
6.07855556151e-07
5.81559842217e-07
5.56449840769e-07
5.32457948405e-07
5.09526706079e-07
4.87604083212e-07
4.66632783321e-07
4.46557355311e-07
4.27329149225e-07
4.09112228108e-07
3.91712306273e-07
3.7504068561e-07
3.59096692827e-07
3.4384913131e-07
3.29262884322e-07
3.15304643e-07
3.01942905574e-07
2.89147894124e-07
2.76894937856e-07
2.65161884812e-07
2.53922972407e-07
2.4314571251e-07
2.32801613176e-07
2.22903313361e-07
2.1351663076e-07
2.04578660671e-07
1.96007866597e-07
1.87774771165e-07
1.79870038569e-07
1.72284445263e-07
1.65008884278e-07
1.58034640243e-07
1.51358906396e-07
1.44977271705e-07
1.38880058715e-07
1.33050150317e-07
1.27464941562e-07
1.22112822743e-07
1.16982903251e-07
1.12064843328e-07
1.07348824879e-07
1.02825523952e-07
9.84860847907e-08
9.43225096043e-08
9.0335728728e-08
8.65198440073e-08
8.28652136509e-08
7.93671954806e-08
7.60192905249e-08
7.28119946969e-08
6.97364292717e-08
6.67843206691e-08
6.39556427671e-08
6.12518040264e-08
5.86690857865e-08
5.61956114328e-08
5.38186163987e-08
5.15340616275e-08
4.93382037615e-08
4.7229881629e-08
4.52063434714e-08
4.32644140663e-08
4.14078856006e-08
3.96343591799e-08
3.79386729177e-08
3.63159962934e-08
3.47615752183e-08
3.32713568067e-08
3.18410148733e-08
3.04681353734e-08
2.91509679932e-08
2.78897857158e-08
2.66826879543e-08
2.55273673783e-08
2.44216109838e-08
2.33632961868e-08
2.23503446011e-08
2.13795161861e-08
2.04484717839e-08
1.95552651977e-08
1.86980656574e-08
1.78751043088e-08
1.70859357133e-08
1.63326791157e-08
1.56131925521e-08
1.49251319627e-08
1.42663102268e-08
1.36346939043e-08
1.30291410727e-08
1.24482239788e-08
1.18906484659e-08
1.13585451953e-08
1.08517566837e-08
1.0369627887e-08
9.9094304357e-09
9.46701308741e-09
9.04161132589e-09
8.63255400385e-09
8.23963250658e-09
7.86558746881e-09
7.50910433899e-09
7.16747390236e-09
6.83975681787e-09
6.52572620127e-09
6.22514106048e-09
5.93774774708e-09
5.66316933973e-09
5.40097133859e-09
5.15093210953e-09
4.91248604201e-09
4.68467817541e-09
4.46698417221e-09
4.25892266527e-09
4.06003545085e-09
3.8698864232e-09
3.68806055746e-09
3.51417003236e-09
3.3478600112e-09
3.18906168406e-09
3.03754019272e-09
2.89301647584e-09
2.75514268091e-09
2.62356581021e-09
2.49795738375e-09
2.37810319127e-09
2.26373418998e-09
2.15455728993e-09
2.05029537482e-09
1.95068650397e-09
1.85550937131e-09
1.76481009082e-09
1.6784543264e-09
1.59620853818e-09
1.51785166723e-09
1.44317452124e-09
1.37197919014e-09
1.30407849033e-09
1.23929543625e-09
1.17746273786e-09
1.11842550599e-09
1.06212429328e-09
1.00854373111e-09
9.57640684565e-10
9.09266055119e-10
8.63268400211e-10
8.1950523406e-10
7.77842555437e-10
7.38154400399e-10
7.00324936689e-10
6.6426088093e-10
6.29905869903e-10
5.97287756238e-10
5.66282274996e-10
5.36814424433e-10
5.08851827728e-10
4.82267990653e-10
4.56953503299e-10
4.32884271128e-10
4.10110058556e-10
3.88577375146e-10
3.6818469163e-10
3.48727066577e-10
3.30144250177e-10
3.12390725024e-10
2.9542364443e-10
2.79357908014e-10
2.64251859093e-10
2.49997704966e-10
2.36497071517e-10
2.23662101107e-10
2.11448924234e-10
1.99840081472e-10
1.88818785266e-10
1.78379382547e-10
1.68514679995e-10
1.59204576474e-10
1.50428162963e-10
1.4212255303e-10
1.34243386329e-10
1.26767171049e-10
1.19679081755e-10
1.12968590067e-10
1.06614329181e-10
