0.0445339005376
0.0396206820759
0.0353185856799
0.0315444383335
0.0282232525108
0.0252967608099
0.0227152264367
0.020432286884
0.0184074918979
0.0166072458956
0.0150118032186
0.0135967274988
0.012336312126
0.0112134732933
0.0102135213355
0.00931350043693
0.00850347272247
0.00777529466139
0.00711981434361
0.00652883239985
0.00599517530873
0.00551246380086
0.00507475954432
0.00467790879117
0.00431817339722
0.0039918300691
0.00369555804915
0.00342645320684
0.00318124389784
0.00295718586514
0.00275242762671
0.0025650180357
0.00239313586373
0.00223517570642
0.00208972380474
0.00195553528512
0.00183149456839
0.00171661048216
0.00161091955398
0.00151632955285
0.00142915541593
0.00134820910167
0.00127305887729
0.0012033051828
0.00113857846977
0.00107853717546
0.00102286525478
0.000971251188016
0.000923364047316
0.000878930771162
0.000837704290161
0.000799515231389
0.0007643610641
0.000731989902612
0.000702114338128
0.000674476514734
0.000648849741674
0.000625062480749
0.000602990715896
0.000582643766956
0.000563958561741
0.000546875583752
0.000531343076503
0.000517251362909
0.000504402779038
0.000492738076281
0.000482236031775
0.000472924257193
0.000464825530474
0.000457931928094
0.00045221002835
0.000447637417388
0.000444202838711
0.000441919025275
0.000440902914425
0.000441327754675
0.000443330330546
0.000446908222091
0.000452152402607
0.000459185688526
0.000468165895574
0.000479293001952
0.000492890639325
0.000509415829945
0.000529387301237
0.000553458318274
0.000582480103715
0.000617346054406
0.000659262253655
0.000709922735775
0.000771579656547
0.000847265428819
0.000941092498394
0.00105863024685
0.00120746961973
0.00139752708988
0.00164035614426
0.0019446951904
0.00229963100401
0.00262549270505
0.00272046300887
0.00244534537185
0.00197286898886
0.00151923985209
0.00115795540191
0.000887142107809
0.000687186786993
0.000539307015461
0.000428578848294
0.000344582008075
0.000280164773379
0.000230310418482
0.000191022269292
0.000159730069667
0.000134561688749
0.000114135846339
9.74209844943e-05
8.36378943086e-05
7.21916829497e-05
6.26255690446e-05
5.46009401922e-05
4.78299453799e-05
4.20785380265e-05
3.71643895437e-05
3.29449111598e-05
2.93051010266e-05
2.615160123e-05
2.34081632379e-05
2.10121540948e-05
1.89118504373e-05
1.70645573097e-05
1.54353163237e-05
1.39934902934e-05
1.27138995261e-05
1.15763071691e-05
1.05633976677e-05
9.65878102524e-06
8.84787164457e-06
8.11890346555e-06
7.46185983088e-06
6.86812604335e-06
6.33027030768e-06
5.84186345072e-06
5.39738059373e-06
4.99205592211e-06
4.62175392873e-06
4.28880299785e-06
3.98467208133e-06
3.70539311545e-06
3.44866702831e-06
3.21259941171e-06
2.99550122421e-06
2.7956061451e-06
2.61133279471e-06
2.4412668401e-06
2.28415843823e-06
2.13895200892e-06
2.00461238882e-06
1.88012689923e-06
1.76469120406e-06
1.65755803546e-06
1.55805059776e-06
1.46555508009e-06
1.3794841205e-06
1.29918115925e-06
1.22417551628e-06
1.15404887138e-06
1.08842222942e-06
1.02698780408e-06
9.69476261458e-07
9.15673962161e-07
8.65302147294e-07
8.18093234325e-07
7.73803392231e-07
7.32210205058e-07
6.9311105166e-07
6.56325480534e-07
6.21699159711e-07
5.89067416977e-07
5.58276586639e-07
5.29187869136e-07
5.01776640548e-07
4.76052256928e-07
4.51862144175e-07
4.29061347155e-07
4.07519051609e-07
3.87117204148e-07
3.67749292504e-07
3.49319267203e-07
3.3185243545e-07
3.1541389077e-07
2.99939964281e-07
2.85405066295e-07
2.71707170864e-07
2.586772259e-07
2.46260008866e-07
2.34433043831e-07
2.23174440923e-07
2.12463028092e-07
2.02278201235e-07
1.92599918677e-07
1.83408407681e-07
1.74679669647e-07
1.6639210998e-07
1.58526339621e-07
1.51060488296e-07
1.43971613998e-07
1.37238854711e-07
1.30841043087e-07
1.24758411197e-07
1.18972630993e-07
1.13466528975e-07
1.08223954635e-07
1.03229821739e-07
9.84742731575e-08
9.39459986929e-08
8.963138757e-08
8.55239510694e-08
8.16131491679e-08
7.78868829384e-08
7.4333852301e-08
7.09453505259e-08
6.77138509324e-08
6.46298376155e-08
6.16843558124e-08
5.88693314081e-08
5.6207094098e-08
5.36689364004e-08
5.12419917076e-08
4.89286142471e-08
4.67233876847e-08
4.46198322959e-08
4.26118696327e-08
4.06938120542e-08
3.88603410022e-08
3.71075082678e-08
3.54319359163e-08
3.38290927341e-08
3.22937175697e-08
3.08211553627e-08
2.94159482927e-08
2.80945938847e-08
2.68435840323e-08
2.56459448904e-08
2.44964521109e-08
2.33941279414e-08
2.23379620172e-08
2.13269151961e-08
2.03599335323e-08
1.94365592744e-08
1.85570972892e-08
1.77203034074e-08
1.69233120114e-08
1.61620835429e-08
1.54347877303e-08
1.47397196633e-08
1.40752664158e-08
1.3439901967e-08
1.28321824322e-08
1.22507415841e-08
1.16943402609e-08
1.11629132377e-08
1.06555203295e-08
1.01707553358e-08
9.70835345243e-09
9.2675954515e-09
8.84701435711e-09
8.4452451598e-09
8.06102054485e-09
7.69412107396e-09
7.34448915174e-09
7.01143124234e-09
6.69331637913e-09
6.3884396894e-09
6.09615378668e-09
5.81587511866e-09
5.54758475373e-09
5.29090123096e-09
5.04532829579e-09
4.81167703578e-09
4.58958967485e-09
4.37818929106e-09
4.17666210131e-09
3.98423021985e-09
3.80016579154e-09
3.62395287663e-09
3.4552727619e-09
3.29389682081e-09
3.13999513066e-09
2.99330573807e-09
2.85348430725e-09
2.72020319244e-09
2.59315056677e-09
2.47202310407e-09
2.35632809014e-09
2.24570868959e-09
2.13988447e-09
2.03859224955e-09
1.94158225978e-09
1.84883496761e-09
1.76077525434e-09
1.6770805843e-09
1.59739350658e-09
1.52138420585e-09
1.44874928796e-09
1.37929010522e-09
1.31278484146e-09
1.24907381717e-09
1.18856522009e-09
1.13127241369e-09
1.07712869471e-09
1.02572885017e-09
9.76453372709e-10
9.29212882856e-10
8.83930863766e-10
8.40576030838e-10
7.99400946536e-10
7.60256620343e-10
7.22872321624e-10
6.8714896413e-10
6.53052324378e-10
6.20546519073e-10
5.89594220753e-10
5.60143117995e-10
5.32126162107e-10
5.05515846781e-10
4.8024694661e-10
4.5621463811e-10
4.33350231126e-10
4.11589807721e-10
3.90873037262e-10
3.71142988822e-10
3.52345953592e-10
3.34431758353e-10
3.17355084704e-10
3.01114670837e-10
2.85683194805e-10
2.71023277618e-10
2.57091581701e-10
2.43845017612e-10
2.31244148255e-10
2.19269704173e-10
2.07891468256e-10
1.97074010635e-10
1.86784084201e-10
1.7699050331e-10
1.67667615736e-10
1.58822701373e-10
1.50438692666e-10
1.42487994851e-10
1.34944685777e-10
1.27784422166e-10
1.20984351276e-10
1.14523027694e-10
1.08380335018e-10
1.02537412174e-10
9.69767230907e-11
9.1692881594e-11
8.66844026275e-11
8.19491116246e-11
7.74708346904e-11
7.32329947767e-11
6.92200932796e-11
6.54176459784e-11
6.18121229714e-11
5.83909456026e-11
5.51426990281e-11
5.20600178338e-11
4.91419137782e-11
4.63764301065e-11
4.37577994884e-11
4.12851029728e-11
3.89457738383e-11
3.67295084859e-11
3.46337361299e-11
3.26584357572e-11
3.07966592328e-11
2.90386437978e-11
2.73685361653e-11
2.57799825846e-11
2.42677883672e-11
2.28271432021e-11
2.14714732179e-11
2.02074392183e-11
1.90225790594e-11
1.79057140828e-11
1.68470400342e-11
1.58418125918e-11
1.48888605488e-11
1.39870362306e-11
1.31366997863e-11
1.23379790721e-11
1.15891477486e-11
1.08883106797e-11
1.02288042946e-11
9.60614342358e-12
9.01819199683e-12
8.46335075001e-12
7.9403020377e-12
7.44716234087e-12
