7.85104267472e-07
8.18106693061e-07
8.51542287347e-07
8.85436099401e-07
9.19648962826e-07
9.54259139821e-07
9.89386616341e-07
1.02498158725e-06
1.06092500252e-06
1.09712433438e-06
1.1341231636e-06
1.17208864065e-06
1.21079937856e-06
1.25051080331e-06
1.29157541267e-06
1.33293357249e-06
1.37474571662e-06
1.41734569922e-06
1.46079113075e-06
1.50510526275e-06
1.5503124846e-06
1.59641106949e-06
1.64327844465e-06
1.69112522378e-06
1.74020334882e-06
1.79065386523e-06
1.84263174196e-06
1.89634222163e-06
1.95161560874e-06
2.00830344184e-06
2.06663443192e-06
2.12663236089e-06
2.18823148941e-06
2.25135054738e-06
2.31589645246e-06
2.38176733103e-06
2.44882580206e-06
2.51691068624e-06
2.58734265403e-06
2.66494423365e-06
2.74560467135e-06
2.82841959283e-06
2.91363990436e-06
3.00154718898e-06
3.09245704992e-06
3.1867228956e-06
3.28473809916e-06
3.38687053416e-06
3.49335235976e-06
3.60454511445e-06
3.72085675405e-06
3.84300124287e-06
3.97257596597e-06
4.11011458203e-06
4.25582656434e-06
4.40990051289e-06
4.57253636137e-06
4.74416517561e-06
4.92547443804e-06
5.1182600007e-06
5.32394131022e-06
5.54409795005e-06
5.7805301993e-06
6.03454501293e-06
6.30635962124e-06
6.59766111543e-06
6.91078510237e-06
7.24908031145e-06
7.61629105232e-06
8.01611876466e-06
8.45219203547e-06
8.92869136274e-06
9.45045621058e-06
1.00234071505e-05
1.06567781661e-05
1.13626884703e-05
1.2154318312e-05
1.30429446217e-05
1.40442280999e-05
1.51773204896e-05
1.64657528019e-05
1.79387058993e-05
1.96355429817e-05
2.16089736851e-05
2.39255249138e-05
2.66726413853e-05
2.99680155039e-05
3.39604866579e-05
3.8855566119e-05
4.49464558494e-05
5.26521753823e-05
6.2585361818e-05
7.56625820118e-05
9.32860503782e-05
0.000117660214387
0.000152293560717
0.000202684854488
0.000276537055619
0.00037963009101
0.000494932771626
0.000549816562122
0.000484542600232
0.000361779297785
0.000255338284513
0.000180940330134
0.000131332082867
9.79872382106e-05
7.50522578486e-05
5.88060165274e-05
4.6986028705e-05
3.81955241033e-05
3.15400135403e-05
2.63723002005e-05
2.22927818225e-05
1.90248429384e-05
1.63728533089e-05
1.41957400246e-05
1.23899559114e-05
1.08782640321e-05
9.60250442189e-06
8.5207807316e-06
7.59720659496e-06
6.8025309567e-06
6.11416813178e-06
5.51461014451e-06
4.9897443962e-06
4.52810206116e-06
4.12029254216e-06
3.75857291041e-06
3.43651813618e-06
3.1488094438e-06
2.89110834403e-06
2.6595004967e-06
2.45077994237e-06
2.26241556975e-06
2.09222219298e-06
1.93800376619e-06
1.79773920508e-06
1.66982367821e-06
1.55288136482e-06
1.44571652595e-06
1.34728666526e-06
1.25668044396e-06
1.17311063673e-06
1.0958945726e-06
1.02443480447e-06
9.59511128588e-07
8.99503495252e-07
8.43736297155e-07
7.91872603478e-07
7.43645030809e-07
6.98813353916e-07
6.57099587248e-07
6.18251445162e-07
5.82040595768e-07
5.4826427494e-07
5.16754701644e-07
4.87338273578e-07
4.59838011723e-07
4.34119007815e-07
4.10052457017e-07
3.87520253561e-07
3.66413968566e-07
3.46626279143e-07
3.28026894081e-07
3.10528493549e-07
2.9405304995e-07
2.78529304102e-07
2.63901554003e-07
2.50121403471e-07
2.37152249442e-07
2.2493906131e-07
2.13427784586e-07
2.02568750593e-07
1.92316283238e-07
1.82628480461e-07
1.73468049667e-07
1.64803481099e-07
1.56599411281e-07
1.48822445587e-07
1.41442313959e-07
1.34458656509e-07
1.27879436938e-07
1.21669071677e-07
1.15793367963e-07
1.10221329435e-07
1.04924866283e-07
9.98785376217e-08
9.50593225585e-08
9.04773692142e-08
8.61529365541e-08
8.20706220475e-08
7.82257595222e-08
7.45927818102e-08
7.11273462712e-08
6.78157236417e-08
6.46531587419e-08
6.16349412912e-08
5.87564541847e-08
5.60131362311e-08
5.34004878925e-08
5.09139952523e-08
4.85478652375e-08
4.62969025783e-08
4.41564612296e-08
4.21211486185e-08
4.01852146892e-08
3.83434227783e-08
3.65903882615e-08
3.49210659771e-08
3.33307689858e-08
3.18150901013e-08
3.03698680585e-08
2.89912051554e-08
2.76766565234e-08
2.64233340027e-08
2.52276625088e-08
2.40880299753e-08
2.30016810856e-08
2.19654088204e-08
2.09762111945e-08
2.00318067774e-08
1.91302338261e-08
1.82689453275e-08
1.74455379591e-08
1.66578474615e-08
1.59124048462e-08
1.52011191137e-08
1.45204110052e-08
1.38710168748e-08
1.3251487502e-08
1.26600681609e-08
1.20951093092e-08
1.1555064778e-08
1.10384864174e-08
1.0544312457e-08
1.00716387374e-08
9.61922399957e-09
9.18561128327e-09
8.76951251581e-09
8.37223268172e-09
7.99845115826e-09
7.64438259578e-09
7.30525657797e-09
6.97961428368e-09
6.6671942088e-09
6.36772467158e-09
6.08092492903e-09
5.80650935622e-09
5.54436497825e-09
5.29459429369e-09
5.05685461542e-09
4.83034309224e-09
4.61392333119e-09
4.40708335181e-09
4.20934599499e-09
4.02025954179e-09
3.83939633519e-09
3.66635148412e-09
3.5007416446e-09
3.34221933268e-09
3.19077485114e-09
3.04614574863e-09
2.90793449384e-09
2.77606995516e-09
2.65035057243e-09
2.53036039812e-09
2.41571231943e-09
2.30604687723e-09
2.20130643722e-09
2.10147964901e-09
2.00637130652e-09
1.91551537189e-09
1.82842415647e-09
1.74491469158e-09
1.66482200744e-09
1.5881415609e-09
1.5147656811e-09
1.44455430864e-09
1.37774438241e-09
1.31423535745e-09
1.25377668648e-09
1.19613585247e-09
1.1410905321e-09
1.08843296674e-09
1.03801586112e-09
9.89748898545e-10
9.43567420935e-10
8.99520219113e-10
8.57533048093e-10
8.17508141523e-10
7.79352420733e-10
7.42977253344e-10
7.08296351096e-10
6.75168687867e-10
6.43492343412e-10
6.13187380582e-10
5.84178766001e-10
5.5639523783e-10
5.29831132049e-10
5.04607441922e-10
4.80632188744e-10
4.57803425739e-10
4.3602706499e-10
4.152165369e-10
3.95315388362e-10
3.76260401457e-10
3.58005848543e-10
3.40667918498e-10
3.24250321619e-10
3.08733982579e-10
2.94003185396e-10
2.79881095356e-10
2.66342049714e-10
2.53364067665e-10
2.40938212723e-10
2.29137381277e-10
2.17918706607e-10
2.07204225875e-10
1.96965463507e-10
1.87192643109e-10
1.77875510207e-10
1.69003394181e-10
1.60561346323e-10
1.52530224749e-10
1.4490225753e-10
1.37658786029e-10
1.3076972224e-10
1.24215391579e-10
1.17977488368e-10
1.12038732981e-10
1.06382818304e-10
1.00994359041e-10
9.5858985617e-11
9.09637171981e-11
8.63081435986e-11
8.18844220329e-11
7.7681859661e-11
7.36880422719e-11
6.98906226509e-11
6.62783012559e-11
6.28455818048e-11
5.95838113893e-11
5.64828327728e-11
5.35331142664e-11
5.07257149867e-11
4.80532762265e-11
4.55178601543e-11
4.31145742334e-11
4.08355083826e-11
3.86732319179e-11
3.6620766696e-11
3.46715618027e-11
3.28194697118e-11
3.1058723842e-11
2.9383917443e-11
2.77900240673e-11
2.62755117516e-11
2.4839959867e-11
2.3482725572e-11
2.21991695787e-11
2.0984538903e-11
1.98343898668e-11
1.87445697202e-11
1.77111994097e-11
1.67306729901e-11
1.57997200356e-11
1.49162315098e-11
1.40799309981e-11
1.32873882172e-11
1.25369409126e-11
1.18283131328e-11
1.11579034273e-11
1.05227609171e-11
9.92215713177e-12
9.35609455127e-12
8.82258323553e-12
8.31882359022e-12
7.84026497149e-12
7.38508687697e-12
6.95180137372e-12
6.53903045258e-12
6.15060565313e-12
5.78842624427e-12
5.44892900433e-12
5.12891738085e-12
4.82558743808e-12
4.53758061786e-12
4.26455855298e-12
4.0061898627e-12
3.76257672295e-12
3.53375487538e-12
3.31922772664e-12
3.11845076812e-12
2.92951744842e-12
2.75114371372e-12
2.58271682846e-12
2.42377822785e-12
2.27395020757e-12
2.1326925512e-12
