0.00286015076258
0.00270290657314
0.00255766733935
0.00242329203365
0.00229822307197
0.00218156462172
0.00207278045771
0.00197117943875
0.00187620301265
0.00178739085377
0.00170457448026
0.0016273627984
0.00155521924733
0.00148769868739
0.00142440762544
0.00136490486764
0.00130895966416
0.00125644126804
0.00120712539745
0.00116076685089
0.0011171420993
0.001076046402
0.00103728775376
0.00100075430769
0.000966342806907
0.000933926967712
0.000903389620399
0.000874647183097
0.00084757940282
0.000822055729385
0.000797984379495
0.000775272118854
0.000753830466154
0.000733577764787
0.000714443320687
0.000696369365934
0.000679288288665
0.000663136655974
0.000647912108327
0.000633920199957
0.000620836056935
0.00060854985461
0.00059703739317
0.000586277008239
0.000576249534798
0.000566938287292
0.000558327627887
0.000550397749665
0.000543129997409
0.000536515302957
0.000530547949933
0.000525234908619
0.000520626956044
0.000516738780164
0.000513552431532
0.000511051872474
0.000509224606791
0.000508062608833
0.000507575306122
0.000507811177348
0.000508804335676
0.000510594872763
0.000513228798158
0.000516739845126
0.000521137793229
0.000526476706045
0.000532826482454
0.000540277933509
0.000549009198427
0.000559172677475
0.000570891689978
0.000584312973493
0.000599611176003
0.000616997634714
0.000636752021934
0.000659242300847
0.000684894597946
0.000714189227399
0.000747705416969
0.000786148636619
0.000830395281132
0.00088154450285
0.000941032640341
0.00101074109193
0.00109309169244
0.00119128894819
0.00130970605485
0.00145417569001
0.00163287510519
0.00185761977353
0.00214583467471
0.00252406256412
0.00303422121053
0.00374531514036
0.00477742743736
0.00635216226539
0.00890781794382
0.0133807475642
0.0219277831347
0.0393267610834
0.058222878572
0.0373012342747
0.0193583574944
0.0109327563884
0.00673092492549
0.00444030619423
0.0030909380981
0.00224488071451
0.00168535297056
0.00129933380287
0.00102387848181
0.000821837741702
0.00066976003631
0.000552938506596
0.000461619620872
0.000389148111306
0.000330868752808
0.000283453575991
0.00024447715407
0.000212143272822
0.000185117702444
0.000162359995802
0.000143061929639
0.000126596596772
0.000112464836711
0.000100269372536
8.96914703367e-05
8.04733474933e-05
7.24049608153e-05
6.53140128554e-05
5.9059198233e-05
5.35265050067e-05
4.8617253669e-05
4.42490967433e-05
4.03535300955e-05
3.68721420197e-05
3.37524498121e-05
3.09471347852e-05
2.84182907237e-05
2.61335333444e-05
2.40648657736e-05
2.21880044986e-05
2.04818441312e-05
1.89280022273e-05
1.75103419164e-05
1.62148597993e-05
1.50369657144e-05
1.39588169081e-05
1.29692562277e-05
1.20599707792e-05
1.12241301001e-05
1.04556788781e-05
9.74823602339e-06
9.09608924166e-06
8.49413970033e-06
7.93783880898e-06
7.4231507069e-06
6.94639504263e-06
6.50434362782e-06
6.09437559946e-06
5.71394578363e-06
5.36073491249e-06
5.03262709659e-06
4.72757883647e-06
4.4432785902e-06
4.17818363378e-06
3.93074925355e-06
3.69959779955e-06
3.48355165966e-06
3.2815441536e-06
3.09264462065e-06
2.91589729687e-06
2.75040954588e-06
2.59536263624e-06
2.45000491247e-06
2.3136494451e-06
2.18568603651e-06
2.06558315529e-06
1.95276711222e-06
1.84669991495e-06
1.7468905216e-06
1.65302581457e-06
1.56485734584e-06
1.48193597755e-06
1.40384288152e-06
1.33019671636e-06
1.26065009318e-06
1.19488640105e-06
1.1326169529e-06
1.07395489219e-06
1.01884285489e-06
9.66860182158e-07
9.17880598795e-07
8.71673180065e-07
8.27901613948e-07
7.86395903805e-07
7.47045443934e-07
7.09744750681e-07
6.74395579362e-07
6.40904208666e-07
6.09181233944e-07
5.79140322187e-07
5.50681689299e-07
5.23716875383e-07
4.98167283778e-07
4.73952731451e-07
4.5099561267e-07
4.29224235674e-07
4.08566768652e-07
3.88959037316e-07
3.70342713079e-07
3.52662525417e-07
3.35865258227e-07
3.19901114398e-07
3.04736927449e-07
2.90334825051e-07
2.76648797429e-07
2.63642793905e-07
2.51278858193e-07
2.39519332786e-07
2.28328644472e-07
2.17675174059e-07
2.07529812018e-07
1.9786278033e-07
1.88645256218e-07
1.79851993112e-07
1.71552559641e-07
1.63656886758e-07
1.56122217111e-07
1.48942121839e-07
1.4210033365e-07
1.35579610441e-07
1.29363601349e-07
1.23436838391e-07
1.17784693885e-07
1.12394282105e-07
1.07253756695e-07
1.02350569605e-07
9.76694980905e-08
9.31970275312e-08
8.89333427891e-08
8.48958523314e-08
8.10606879305e-08
7.73981527937e-08
7.38956643864e-08
7.05473741613e-08
6.7347608531e-08
6.42908646433e-08
6.1371945596e-08
5.85883838015e-08
5.59361772028e-08
5.34099809388e-08
5.10022470958e-08
4.87038493506e-08
4.65093069119e-08
4.44134733979e-08
4.24114766402e-08
4.04987033419e-08
3.86707846414e-08
3.69235825283e-08
3.52533365957e-08
3.36597561961e-08
3.21399422678e-08
3.06895978653e-08
2.93059637837e-08
2.79858058852e-08
2.67251096595e-08
2.55201344437e-08
2.43674022675e-08
2.32665320466e-08
2.2217618723e-08
2.12188382734e-08
2.02654975942e-08
1.93526845715e-08
1.84786163713e-08
1.76416200333e-08
1.68407703636e-08
1.60747244401e-08
1.53420620298e-08
1.46435203501e-08
1.39779389966e-08
1.3343333446e-08
1.27378475255e-08
1.21596759565e-08
1.16073309287e-08
1.10790152308e-08
1.0573661987e-08
1.00904394743e-08
9.62908390203e-09
9.18874299042e-09
8.76846815907e-09
8.36735219264e-09
7.98452746601e-09
7.61915061302e-09
7.27003204806e-09
6.93628904445e-09
6.61715403211e-09
6.31190536209e-09
6.01984828564e-09
5.74066441979e-09
5.47474554851e-09
5.22131270644e-09
4.9795442466e-09
4.74867423275e-09
4.52799091598e-09
4.31707407788e-09
4.11541722007e-09
3.92252588143e-09
3.73883916557e-09
3.56418963475e-09
3.39827618631e-09
3.24023137413e-09
3.08879853783e-09
2.94367511967e-09
2.80458951581e-09
2.67141351207e-09
2.54490587981e-09
2.4245982406e-09
2.30962495116e-09
2.19965542345e-09
2.09456770666e-09
1.99423766568e-09
1.89853940815e-09
1.80730910272e-09
1.72037635712e-09
1.63763331583e-09
1.55887720115e-09
1.48379792908e-09
1.41221080333e-09
1.34394574746e-09
1.27884110326e-09
1.21674322229e-09
1.15750607689e-09
1.10099299867e-09
1.04707751047e-09
9.95701146868e-10
9.4676888299e-10
9.00182219136e-10
8.55823235327e-10
8.13573399427e-10
7.73322160912e-10
7.34990523444e-10
6.98486034818e-10
6.63711100968e-10
6.30573543316e-10
5.98986311294e-10
5.68873215161e-10
5.40223556144e-10
5.12985688108e-10
4.87083775868e-10
4.62446126662e-10
4.3900497416e-10
4.16696273477e-10
3.95459506647e-10
3.75237498029e-10
3.55976239135e-10
3.3762567783e-10
3.20161262866e-10
3.0356838699e-10
2.8782213194e-10
2.72875330039e-10
2.58681223182e-10
2.45195858044e-10
2.32377928947e-10
2.20188629369e-10
2.08592196452e-10
1.9755920155e-10
1.87068675895e-10
1.77120103592e-10
1.67677098391e-10
1.58715269755e-10
1.50220156479e-10
1.42155489985e-10
1.34489942437e-10
1.27213222909e-10
1.203311051e-10
1.1382551058e-10
1.07667629618e-10
1.01805485342e-10
9.62208555949e-11
9.08991635522e-11
8.58266851347e-11
8.10291996511e-11
7.65182825311e-11
7.22642806846e-11
6.82402186863e-11
6.44216646658e-11
6.07936167706e-11
5.73498634799e-11
5.40848831487e-11
5.09963549766e-11
4.80814976766e-11
4.53338275925e-11
4.27466447861e-11
4.03014530595e-11
3.79853094839e-11
3.57912488193e-11
3.37141727124e-11
3.17499448585e-11
2.9892333437e-11
