0.000638845756866
0.000594038244001
0.000552978950682
0.000515331618091
0.000480738795146
0.000448957333807
0.000419762744314
0.000392894229452
0.000368102446265
0.000345179298241
0.000324088545364
0.000304686177826
0.000286763248933
0.000270238526977
0.000255044018035
0.000240873936187
0.000227673664845
0.000215407557906
0.000204003324299
0.00019339129852
0.00018350830871
0.000174293988438
0.000165682003775
0.000157640404339
0.000150141115703
0.000143148774085
0.000136630641613
0.000130557964141
0.000124880888564
0.000119558454329
0.00011457406907
0.000109901008588
0.000105511155891
0.000101379056907
9.74817551975e-05
9.37985980578e-05
9.03104004646e-05
8.69996345598e-05
8.38964657137e-05
8.11114676677e-05
7.8500462642e-05
7.60267389821e-05
7.36865640157e-05
7.14763981655e-05
6.9392914526e-05
6.74330171584e-05
6.5593836613e-05
6.38714411172e-05
6.22590524063e-05
6.07524493912e-05
5.93479802527e-05
5.80458847702e-05
5.6856309315e-05
5.57733495895e-05
5.47880488231e-05
5.3892126878e-05
5.30782845047e-05
5.23424109441e-05
5.16826307933e-05
5.11065617696e-05
5.06171741214e-05
5.02176504824e-05
4.99117551993e-05
4.96979326206e-05
4.95658831433e-05
4.95171751281e-05
4.95571578134e-05
4.96965880523e-05
4.99442902293e-05
5.03072816098e-05
5.07912010819e-05
5.14032066188e-05
5.21522146587e-05
5.30507604901e-05
5.41257778272e-05
5.54126676799e-05
5.69451803074e-05
5.87415670777e-05
6.0836635897e-05
6.32742566432e-05
6.61091739835e-05
6.94102082258e-05
7.3274183472e-05
7.78335735027e-05
8.32543721363e-05
8.9756003886e-05
9.76356350722e-05
0.000107266282089
0.000119176403807
0.00013414172346
0.000153303500032
0.00017839547093
0.000212148794875
0.000259050336551
0.000326881458546
0.000429953811111
0.000596469375206
0.000886437196291
0.00143747998219
0.00255210297662
0.00374040942806
0.00237041113967
0.00121688795471
0.000680020902904
0.000414324146992
0.000270500319718
0.000186340035021
0.00013388704019
9.94264302297e-05
7.58153124094e-05
5.91022017833e-05
4.69655517642e-05
3.78882445309e-05
3.0960598074e-05
2.55812259002e-05
2.13410575195e-05
1.79548588851e-05
1.52193706846e-05
1.29869379413e-05
1.11488269415e-05
9.62671981226e-06
8.35677042283e-06
7.28853967856e-06
6.3835472369e-06
5.61245199616e-06
4.95199132281e-06
4.38355396941e-06
3.8921307812e-06
3.46552789757e-06
3.09377126645e-06
2.76867763062e-06
2.48352573464e-06
2.23252948514e-06
2.01096105813e-06
1.81501549947e-06
1.64144970472e-06
1.48725580388e-06
1.34980584667e-06
1.22695277588e-06
1.11687183959e-06
1.01799922163e-06
9.28990275368e-07
8.48685287129e-07
7.76090342644e-07
7.10350236803e-07
6.50721227004e-07
5.97457511536e-07
5.4915448534e-07
5.05132411078e-07
4.64978167216e-07
4.28339392829e-07
3.94900986037e-07
3.64354762685e-07
3.36425264677e-07
3.10866258634e-07
2.87459907135e-07
2.66020728442e-07
2.46368854103e-07
2.28327254484e-07
2.1175044948e-07
1.96507771909e-07
1.82481403534e-07
1.6956498175e-07
1.57659426641e-07
1.46663317546e-07
1.36497822252e-07
1.27092222373e-07
1.18382655734e-07
1.10316018304e-07
1.02845231451e-07
9.59305957382e-08
8.9526125869e-08
8.358859511e-08
7.80788519164e-08
7.29614015215e-08
6.8204068724e-08
6.37779882237e-08
5.96576884734e-08
5.58181542899e-08
5.22364325814e-08
4.88918436531e-08
4.57762694143e-08
4.28852268358e-08
4.0197596712e-08
3.76937432288e-08
3.53561156499e-08
3.31690232283e-08
3.11184368811e-08
2.91918143039e-08
2.73861427076e-08
2.57047153543e-08
2.41406407811e-08
2.26884066085e-08
2.1335589816e-08
2.00643990006e-08
1.88680353121e-08
1.77426194458e-08
1.66844427066e-08
1.56899786308e-08
1.47558590703e-08
1.38788687083e-08
1.30559189021e-08
1.2283728854e-08
1.15593129248e-08
1.08799414753e-08
1.02427719069e-08
9.64496238292e-09
9.08393467597e-09
8.55720253321e-09
8.06242798496e-09
7.597457198e-09
7.16029076946e-09
6.7490656766e-09
6.36205638571e-09
5.99789941145e-09
5.65520366958e-09
5.33251704207e-09
5.02894309512e-09
4.74331823257e-09
4.47440261491e-09
4.22104809699e-09
3.98232303579e-09
3.7574043323e-09
3.54535146836e-09
3.34528569497e-09
3.15641341207e-09
2.97957665399e-09
2.81291373052e-09
2.65546656416e-09
2.50717131919e-09
2.36747926579e-09
2.23579311259e-09
2.11156035744e-09
1.99427027623e-09
1.88345078353e-09
1.77872736728e-09
1.67977133803e-09
1.58619604051e-09
1.4975914001e-09
1.41359369456e-09
1.3343594951e-09
1.26069023474e-09
1.19171697039e-09
1.12643119606e-09
1.06448287157e-09
1.00575101126e-09
9.50115825184e-10
8.97458943911e-10
8.47664829103e-10
8.00657557818e-10
7.56381113036e-10
7.14716088842e-10
6.75470688249e-10
6.38403114504e-10
6.03381101536e-10
5.70282044188e-10
5.38991122789e-10
5.09400793683e-10
4.8141031506e-10
4.54925305548e-10
4.29859509757e-10
4.06176475052e-10
3.83805612902e-10
3.62660172696e-10
3.42706499524e-10
3.23892094248e-10
3.06132886912e-10
2.89351382681e-10
2.73476249359e-10
2.58478596133e-10
2.44336928748e-10
2.31006484023e-10
2.18408144141e-10
2.06462418024e-10
1.95131352982e-10
1.84380574304e-10
1.74200253199e-10
1.64565523331e-10
1.55446672797e-10
1.46858155545e-10
1.38775481767e-10
1.31158047927e-10
1.23968605998e-10
1.17172269857e-10
1.10739521681e-10
1.04644655518e-10
9.88694871226e-11
9.33998961704e-11
8.82366877749e-11
8.33651127231e-11
7.87678654787e-11
7.44286923849e-11
7.03323250241e-11
6.64642499162e-11
6.28059914099e-11
5.93431589111e-11
5.60631954533e-11
5.29544707693e-11
5.00061107294e-11
4.72146029044e-11
4.45900951683e-11
4.211986036e-11
3.97904662475e-11
3.75896641582e-11
3.55063134475e-11
3.35328328395e-11
3.16611521738e-11
2.98849769462e-11
2.82140411611e-11
2.66462897938e-11
2.51775373873e-11
2.37951861667e-11
2.24818856978e-11
2.12339780919e-11
2.004822348e-11
1.89228041666e-11
1.78644146718e-11
1.68678172944e-11
1.59242846638e-11
1.50302414427e-11
1.41840208654e-11
1.33839556425e-11
1.2628383576e-11
1.19155035807e-11
1.12433164326e-11
1.06105382119e-11
1.0014909264e-11
9.45306836097e-12
8.92282546586e-12
8.42218907818e-12
7.94929893746e-12
7.50241762223e-12
7.07992269578e-12
6.68030857373e-12
6.30221761341e-12
5.94540013909e-12
5.60898097305e-12
5.29189705196e-12
4.99291261057e-12
4.71080721965e-12
4.44446491097e-12
4.1931715364e-12
3.95603810434e-12
3.73210920419e-12
3.52049708998e-12
3.32037717269e-12
3.13106589786e-12
2.95266932775e-12
2.78473655594e-12
2.62655751844e-12
2.47747156038e-12
2.33686414461e-12
2.20416378278e-12
2.07883917493e-12
1.96039654479e-12
1.84837715837e-12
1.74236675926e-12
1.64218910651e-12
1.54776749403e-12
1.45899368115e-12
1.37548595345e-12
1.29686192207e-12
1.22276731013e-12
1.15287401608e-12
1.08687831329e-12
1.02450806924e-12
9.6556596213e-13
9.09884974799e-13
8.57446476981e-13
8.07988127436e-13
7.6135456589e-13
7.17477450793e-13
6.7610317991e-13
6.37014962117e-13
6.00149293804e-13
5.65551094948e-13
5.33089422789e-13
5.02569022833e-13
4.73651154743e-13
4.46219048986e-13
4.20181061581e-13
3.95452444434e-13
3.72203545725e-13
3.5050767595e-13
3.30174076573e-13
3.11032633592e-13
2.92935126023e-13
2.75813894712e-13
2.59635992448e-13
2.44365176716e-13
2.29981964539e-13
2.16465267878e-13
2.03775889532e-13
1.91875237752e-13
1.80671340923e-13
1.70096466567e-13
1.60110997152e-13
1.50689233836e-13
1.41812635245e-13
1.33446481414e-13
3.93752912463e-07
4.21967131478e-07
4.51663325525e-07
4.82898839949e-07
5.15607380478e-07
5.49830034622e-07
5.85667503388e-07
6.23166444489e-07
6.62379783384e-07
7.03368463086e-07
7.46248032112e-07
7.91106339042e-07
8.37999006174e-07
8.87007426054e-07
9.3821988126e-07
9.91650059332e-07
1.04739576307e-06
1.10558514545e-06
1.16632302396e-06
1.22970963515e-06
1.2958503595e-06
1.36485247872e-06
1.43681413161e-06
1.511884169e-06
1.59023464592e-06
1.67203182188e-06
1.75745409091e-06
1.84670590106e-06
1.93994618416e-06
2.03733663731e-06
2.13909230473e-06
2.24542102637e-06
2.35653557074e-06
2.47266047486e-06
2.59404669916e-06
2.72098570149e-06
2.85374427646e-06
2.99260102563e-06
3.13811076697e-06
3.29156396006e-06
3.45261969737e-06
3.6215352792e-06
3.7988407942e-06
3.98511677432e-06
4.18099987547e-06
4.38718929648e-06
4.60444457713e-06
4.83354560655e-06
5.07531345709e-06
5.33071092761e-06
5.60080379417e-06
5.88683239578e-06
6.19039475389e-06
6.51297361673e-06
6.85606130418e-06
7.22129156571e-06
7.61046499061e-06
8.02558947717e-06
8.4689764966e-06
8.94353169529e-06
9.45241935783e-06
9.99921516989e-06
1.05879750936e-05
1.12230068874e-05
1.19086631863e-05
1.26504696288e-05
1.34548968457e-05
1.43296250653e-05
1.52839920878e-05
1.63283497729e-05
1.7474176215e-05
1.8734852768e-05
2.01260580243e-05
2.16663803329e-05
2.33789477615e-05
2.52922049669e-05
2.74396915643e-05
2.98596457953e-05
3.25998336904e-05
3.57189560514e-05
3.92897675612e-05
4.34032929805e-05
4.81758111041e-05
5.37576055698e-05
6.03430242992e-05
6.81875941134e-05
7.76333655556e-05
8.91363825911e-05
0.000103325930813
0.000121090090268
0.000143703142988
0.000173036137909
0.000211902535737
0.000264634149608
0.000338077637706
0.000443209277704
0.000597408430595
0.000825473574913
0.00114753981363
0.00151474085616
0.00170343982289
0.00151951279158
0.00114826297951
0.00082019390681
0.00058821099596
0.000432092862029
0.000326283028853
0.000252901611249
0.00020054310322
0.00016218059102
0.000133410576574
0.000111393455368
9.41903060345e-05
8.05230937075e-05
6.95039643345e-05
6.05028903912e-05
5.30640642145e-05
4.68518591341e-05
4.1615146268e-05
3.71636469406e-05
3.33545913593e-05
3.00726270598e-05
2.72253529112e-05
2.47399204531e-05
2.25583968147e-05
2.06338724617e-05
1.89280640942e-05
1.74094924012e-05
1.60520909547e-05
1.48341407068e-05
1.37375426203e-05
1.27473771835e-05
1.18505101855e-05
1.10359940826e-05
1.02947018631e-05
9.61874376056e-06
9.0007765876e-06
8.43396602685e-06
7.9128447259e-06
7.43268928899e-06
6.98936205222e-06
6.57922677651e-06
6.19908074719e-06
5.84610036954e-06
5.51777760413e-06
5.2119242649e-06
4.92894311538e-06
4.66505663117e-06
4.41822491001e-06
4.18711546979e-06
3.97065162525e-06
3.76787701989e-06
3.57771644609e-06
3.39918919558e-06
3.23140629482e-06
3.07356556802e-06
2.92495623815e-06
2.78490365218e-06
2.65276821442e-06
2.52806389268e-06
2.41032144532e-06
2.29910737248e-06
2.19402066326e-06
2.09465266311e-06
2.0004705463e-06
1.91115829615e-06
1.82639620149e-06
1.74589423566e-06
1.6694150008e-06
1.59674291954e-06
1.52769292638e-06
1.46205095501e-06
1.39961135722e-06
1.34018307593e-06
1.28358844821e-06
1.22966395569e-06
1.17826615357e-06
1.12926963126e-06
1.08252674449e-06
1.03789599735e-06
9.95247207581e-07
9.54541046471e-07
9.15761702452e-07
8.78769724865e-07
8.43430973588e-07
8.096217478e-07
7.77227960635e-07
7.46144388422e-07
7.16273987188e-07
6.87713035651e-07
6.60508400151e-07
6.34516645101e-07
6.09725555727e-07
5.8604493606e-07
5.63300548141e-07
5.41427578295e-07
5.20400437679e-07
5.00194005577e-07
4.80784785607e-07
4.62149742347e-07
4.44266300409e-07
4.27111613976e-07
4.10651329889e-07
3.94856973062e-07
3.79704668309e-07
3.65166032607e-07
3.51212457821e-07
3.37818121827e-07
3.24954781249e-07
3.12597890648e-07
3.00725185794e-07
2.89315238686e-07
2.78346982348e-07
2.6780047249e-07
2.57665587702e-07
2.47928235918e-07
2.38568166932e-07
2.29571838106e-07
2.20922835537e-07
2.1260381361e-07
2.0459819234e-07
1.96892051681e-07
1.89472782103e-07
1.8232586858e-07
1.75436919626e-07
1.68793563832e-07
1.62460592869e-07
1.56372450271e-07
1.50500599223e-07
1.44847768547e-07
1.39406443208e-07
1.34167580311e-07
1.29122502352e-07
1.24262920074e-07
1.19580922036e-07
1.15070107659e-07
1.10724782125e-07
1.06537890028e-07
1.02499294166e-07
9.86003240716e-08
9.48474301027e-08
9.12670431507e-08
8.78382891423e-08
8.4532081139e-08
8.13385575127e-08
7.82555912463e-08
7.52810342179e-08
7.24127205658e-08
6.9648586929e-08
6.69889407839e-08
6.44330218059e-08
6.1978203665e-08
5.9618777429e-08
5.73466822227e-08
5.51582636475e-08
5.30500821504e-08
5.10188496073e-08
4.90614224413e-08
4.71747950794e-08
4.53560937281e-08
4.36027539053e-08
4.1916107968e-08
4.02944300485e-08
3.87342657832e-08
3.72341017898e-08
3.57916465216e-08
3.44033773953e-08
3.3065985966e-08
3.17763747301e-08
3.05352046132e-08
2.93438795739e-08
2.82014384802e-08
2.71028739435e-08
2.60426055634e-08
2.50192454249e-08
2.40315060278e-08
2.30791846976e-08
2.21613865959e-08
2.12770227593e-08
2.04280856768e-08
1.96138196692e-08
1.88322154462e-08
1.80813822081e-08
1.73594062399e-08
1.66646875981e-08
1.59953862492e-08
1.53505822389e-08
1.47296643809e-08
1.41329497762e-08
1.3559741065e-08
1.3009138905e-08
1.24802744856e-08
1.19723085756e-08
1.1484410283e-08
1.10151813686e-08
1.05636385475e-08
1.01289761196e-08
9.71043480894e-09
9.30727241486e-09
8.91939059096e-09
8.54796077574e-09
8.19204721227e-09
7.8506003175e-09
7.52263505906e-09
7.20723085003e-09
6.90392866837e-09
6.61210036366e-09
6.33115794186e-09
6.06225884994e-09
5.80539802386e-09
5.56031148605e-09
5.32567183984e-09
5.09939819581e-09
4.88114729556e-09
4.67062133313e-09
4.46778194679e-09
4.27427884651e-09
4.08946295414e-09
3.91184811904e-09
3.74095672534e-09
3.57672950626e-09
3.41909740988e-09
3.26798234042e-09
3.12324026911e-09
2.98469527819e-09
2.85227015118e-09
2.72568819896e-09
2.60444281762e-09
2.48828492071e-09
2.37698743263e-09
2.27033327842e-09
2.16811497616e-09
2.07013424524e-09
1.97620598115e-09
1.88616148121e-09
1.79999232262e-09
1.71759471192e-09
1.63883722238e-09
1.563546909e-09
1.4915459633e-09
1.42266830842e-09
1.35680421032e-09
1.29381683741e-09
1.23355723635e-09
1.17588413595e-09
1.12066359721e-09
1.06778419829e-09
1.01729330382e-09
9.69130634838e-10
9.23174701556e-10
8.7931015131e-10
8.37427494074e-10
7.974228398e-10
7.59197647105e-10
7.22658482816e-10
6.87716791947e-10
6.54290714241e-10
6.22352447967e-10
5.91903214131e-10
5.62927721748e-10
5.35345234857e-10
5.09072781427e-10
4.84032125559e-10
4.60149536776e-10
4.37355570336e-10
4.15586613576e-10
3.94793694354e-10
3.7495105969e-10
3.56088361393e-10
3.38133370154e-10
3.21043059711e-10
3.04800777693e-10
2.89332720222e-10
2.74574276497e-10
2.60515005664e-10
2.47198872053e-10
2.34599532674e-10
2.22657025601e-10
2.11239128943e-10
2.00312106072e-10
1.89851790669e-10
1.79835333196e-10
1.70334425946e-10
1.61387203423e-10
1.52931742141e-10
1.44911188734e-10
1.37274873842e-10
1.30000100359e-10
1.23077162898e-10
1.16496310847e-10
1.10253769097e-10
1.04344983103e-10
9.87585975169e-11
9.34828814911e-11
8.84821068863e-11
8.37306932411e-11
7.92149024075e-11
7.49270908307e-11
7.08625803278e-11
6.7008694371e-11
